source	target	X1	Y1	Z1	X2	Y2	Z2
4	61	30.803	44.237	75.148	29.627	41.037	69.92
5	60	32.008	40.636	75.332	30.608	37.374	69.453
5	61	32.008	40.636	75.332	29.627	41.037	69.92
5	66	32.008	40.636	75.332	23.526	42.003	73.422
5	75	32.008	40.636	75.332	26.982	37.941	78.833
5	78	32.008	40.636	75.332	28.57	34.382	75.452
6	57	35.773	40.247	75.568	35.55	39.279	69.97
6	79	35.773	40.247	75.568	31.935	35.008	77.068
7	11	38.532	37.766	76.345	42.499	33.424	79.575
7	53	38.532	37.766	76.345	41.402	37.606	69.869
7	56	38.532	37.766	76.345	36.545	36.128	68.083
7	57	38.532	37.766	76.345	35.55	39.279	69.97
7	82	38.532	37.766	76.345	33.876	33.031	72.84
7	83	38.532	37.766	76.345	36.545	31.342	74.94
7	86	38.532	37.766	76.345	39.17	31.255	70.669
8	11	40.895	38.403	79.258	42.499	33.424	79.575
8	12	40.895	38.403	79.258	44.651	33.99	76.486
8	13	40.895	38.403	79.258	47.915	33.18	78.281
9	12	44.68	38.317	79.079	44.651	33.99	76.486
9	13	44.68	38.317	79.079	47.915	33.18	78.281
9	14	44.68	38.317	79.079	46.261	29.986	79.534
10	13	44.572	35.682	81.804	47.915	33.18	78.281
10	14	44.572	35.682	81.804	46.261	29.986	79.534
10	15	44.572	35.682	81.804	45.253	28.9	76.032
11	14	42.499	33.424	79.575	46.261	29.986	79.534
11	15	42.499	33.424	79.575	45.253	28.9	76.032
11	16	42.499	33.424	79.575	48.714	29.749	74.707
11	83	42.499	33.424	79.575	36.545	31.342	74.94
11	86	42.499	33.424	79.575	39.17	31.255	70.669
12	15	44.651	33.99	76.486	45.253	28.9	76.032
12	16	44.651	33.99	76.486	48.714	29.749	74.707
12	17	44.651	33.99	76.486	50.18	27.635	77.501
12	53	44.651	33.99	76.486	41.402	37.606	69.869
12	86	44.651	33.99	76.486	39.17	31.255	70.669
13	16	47.915	33.18	78.281	48.714	29.749	74.707
13	17	47.915	33.18	78.281	50.18	27.635	77.501
13	18	47.915	33.18	78.281	48.148	24.51	76.697
14	17	46.261	29.986	79.534	50.18	27.635	77.501
14	18	46.261	29.986	79.534	48.148	24.51	76.697
14	19	46.261	29.986	79.534	47.292	24.881	73.007
15	18	45.253	28.9	76.032	48.148	24.51	76.697
15	19	45.253	28.9	76.032	47.292	24.881	73.007
15	86	45.253	28.9	76.032	39.17	31.255	70.669
15	90	45.253	28.9	76.032	43.842	29.448	67.863
16	19	48.714	29.749	74.707	47.292	24.881	73.007
16	49	48.714	29.749	74.707	47.067	34.992	69.515
16	90	48.714	29.749	74.707	43.842	29.448	67.863
19	87	47.292	24.881	73.007	40.606	27.888	71.71
19	90	47.292	24.881	73.007	43.842	29.448	67.863
20	432	49.842	24.558	70.214	43.406	18.957	68.883
21	48	48.567	26.006	66.89	48.618	34.901	66.039
21	90	48.567	26.006	66.89	43.842	29.448	67.863
22	90	48.562	23.265	64.265	43.842	29.448	67.863
22	91	48.562	23.265	64.265	44.547	25.753	67.473
22	92	48.562	23.265	64.265	43.597	25.919	63.792
22	428	48.562	23.265	64.265	42.969	18.632	62.816
22	432	48.562	23.265	64.265	43.406	18.957	68.883
23	27	50.539	25.284	61.703	51.293	28.125	57.897
23	28	50.539	25.284	61.703	52.901	30.756	60.1
23	31	50.539	25.284	61.703	49.595	34.11	58.363
23	48	50.539	25.284	61.703	48.618	34.901	66.039
23	92	50.539	25.284	61.703	43.597	25.919	63.792
23	556	50.539	25.284	61.703	47.575	27.984	57.584
24	27	51.277	23.687	58.356	51.293	28.125	57.897
24	28	51.277	23.687	58.356	52.901	30.756	60.1
24	555	51.277	23.687	58.356	47.701	26.55	54.057
24	556	51.277	23.687	58.356	47.575	27.984	57.584
25	610	54.853	23.87	57.062	56.3	19.134	52.779
25	611	54.853	23.87	57.062	54.899	15.699	53.536
26	29	53.839	27.104	55.266	54.59	32.477	57.202
26	30	53.839	27.104	55.266	51.288	32.648	55.313
26	31	53.839	27.104	55.266	49.595	34.11	58.363
26	555	53.839	27.104	55.266	47.701	26.55	54.057
26	573	53.839	27.104	55.266	56.808	23.87	47.816
26	575	53.839	27.104	55.266	56.805	30.463	48.3
26	608	53.839	27.104	55.266	59.55	24.361	52.021
26	610	53.839	27.104	55.266	56.3	19.134	52.779
27	30	51.293	28.125	57.897	51.288	32.648	55.313
27	31	51.293	28.125	57.897	49.595	34.11	58.363
27	32	51.293	28.125	57.897	52.23	36.824	58.841
28	31	52.901	30.756	60.1	49.595	34.11	58.363
28	32	52.901	30.756	60.1	52.23	36.824	58.841
28	33	52.901	30.756	60.1	52.063	38.146	55.316
28	583	52.901	30.756	60.1	60.625	37.535	56.831
28	709	52.901	30.756	60.1	61.021	30.813	62.022
28	710	52.901	30.756	60.1	58.342	32.261	64.303
28	713	52.901	30.756	60.1	61.625	36.39	63.522
29	32	54.59	32.477	57.202	52.23	36.824	58.841
29	33	54.59	32.477	57.202	52.063	38.146	55.316
29	34	54.59	32.477	57.202	48.285	37.748	54.93
29	577	54.59	32.477	57.202	58.749	36.811	48.565
29	583	54.59	32.477	57.202	60.625	37.535	56.831
29	587	54.59	32.477	57.202	63.835	32.147	56.954
30	33	51.288	32.648	55.313	52.063	38.146	55.316
30	35	51.288	32.648	55.313	46.217	38.179	58.095
30	552	51.288	32.648	55.313	45.123	30.331	51.604
30	556	51.288	32.648	55.313	47.575	27.984	57.584
31	34	49.595	34.11	58.363	48.285	37.748	54.93
31	35	49.595	34.11	58.363	46.217	38.179	58.095
31	36	49.595	34.11	58.363	48.478	39.936	60.606
31	37	49.595	34.11	58.363	47.377	43.579	60.73
31	47	49.595	34.11	58.363	50.963	37.877	66.54
31	48	49.595	34.11	58.363	48.618	34.901	66.039
31	51	49.595	34.11	58.363	44.599	38.241	65.624
31	556	49.595	34.11	58.363	47.575	27.984	57.584
32	35	52.23	36.824	58.841	46.217	38.179	58.095
32	36	52.23	36.824	58.841	48.478	39.936	60.606
32	45	52.23	36.824	58.841	52.387	43.454	62.984
32	583	52.23	36.824	58.841	60.625	37.535	56.831
32	713	52.23	36.824	58.841	61.625	36.39	63.522
33	577	52.063	38.146	55.316	58.749	36.811	48.565
33	578	52.063	38.146	55.316	59.707	40.352	47.62
34	102	48.285	37.748	54.93	41.756	40.103	58.239
34	552	48.285	37.748	54.93	45.123	30.331	51.604
35	98	46.217	38.179	58.095	40.273	34.762	55.22
35	101	46.217	38.179	58.095	40.685	36.84	59.821
35	102	46.217	38.179	58.095	41.756	40.103	58.239
35	552	46.217	38.179	58.095	45.123	30.331	51.604
35	556	46.217	38.179	58.095	47.575	27.984	57.584
36	46	48.478	39.936	60.606	50.05	41.265	65.07
36	102	48.478	39.936	60.606	41.756	40.103	58.239
37	46	47.377	43.579	60.73	50.05	41.265	65.07
37	51	47.377	43.579	60.73	44.599	38.241	65.624
37	54	47.377	43.579	60.73	39.984	40.435	67.783
37	102	47.377	43.579	60.73	41.756	40.103	58.239
37	106	47.377	43.579	60.73	38.699	45.998	63.385
38	43	49.868	46.371	61.413	55.197	49.501	65.599
38	44	49.868	46.371	61.413	54.836	45.857	64.593
38	724	49.868	46.371	61.413	59.23	45.47	59.489
39	42	49.782	47.893	64.904	53.346	49.074	68.885
39	43	49.782	47.893	64.904	55.197	49.501	65.599
39	44	49.782	47.893	64.904	54.836	45.857	64.593
39	46	49.782	47.893	64.904	50.05	41.265	65.07
40	43	50.885	51.579	64.669	55.197	49.501	65.599
44	47	54.836	45.857	64.593	50.963	37.877	66.54
44	50	54.836	45.857	64.593	46.248	38.697	68.992
45	724	52.387	43.454	62.984	59.23	45.47	59.489
46	54	50.05	41.265	65.07	39.984	40.435	67.783
47	50	50.963	37.877	66.54	46.248	38.697	68.992
47	51	50.963	37.877	66.54	44.599	38.241	65.624
47	52	50.963	37.877	66.54	42.356	35.45	66.878
48	51	48.618	34.901	66.039	44.599	38.241	65.624
48	52	48.618	34.901	66.039	42.356	35.45	66.878
48	53	48.618	34.901	66.039	41.402	37.606	69.869
48	90	48.618	34.901	66.039	43.842	29.448	67.863
48	92	48.618	34.901	66.039	43.597	25.919	63.792
49	52	47.067	34.992	69.515	42.356	35.45	66.878
49	53	47.067	34.992	69.515	41.402	37.606	69.869
49	54	47.067	34.992	69.515	39.984	40.435	67.783
49	90	47.067	34.992	69.515	43.842	29.448	67.863
50	53	46.248	38.697	68.992	41.402	37.606	69.869
50	54	46.248	38.697	68.992	39.984	40.435	67.783
50	55	46.248	38.697	68.992	38.373	38.011	65.333
51	54	44.599	38.241	65.624	39.984	40.435	67.783
51	55	44.599	38.241	65.624	38.373	38.011	65.333
51	56	44.599	38.241	65.624	36.545	36.128	68.083
52	55	42.356	35.45	66.878	38.373	38.011	65.333
52	56	42.356	35.45	66.878	36.545	36.128	68.083
52	57	42.356	35.45	66.878	35.55	39.279	69.97
52	86	42.356	35.45	66.878	39.17	31.255	70.669
52	89	42.356	35.45	66.878	40.534	28.814	66.081
53	56	41.402	37.606	69.869	36.545	36.128	68.083
53	57	41.402	37.606	69.869	35.55	39.279	69.97
53	58	41.402	37.606	69.869	34.419	40.889	66.76
53	86	41.402	37.606	69.869	39.17	31.255	70.669
54	57	39.984	40.435	67.783	35.55	39.279	69.97
54	58	39.984	40.435	67.783	34.419	40.889	66.76
54	59	39.984	40.435	67.783	32.047	38.018	65.987
54	106	39.984	40.435	67.783	38.699	45.998	63.385
55	58	38.373	38.011	65.333	34.419	40.889	66.76
55	59	38.373	38.011	65.333	32.047	38.018	65.987
55	60	38.373	38.011	65.333	30.608	37.374	69.453
55	96	38.373	38.011	65.333	36.409	31.718	59.656
55	104	38.373	38.011	65.333	36.86	40.847	62.039
56	59	36.545	36.128	68.083	32.047	38.018	65.987
56	60	36.545	36.128	68.083	30.608	37.374	69.453
56	61	36.545	36.128	68.083	29.627	41.037	69.92
56	82	36.545	36.128	68.083	33.876	33.031	72.84
56	85	36.545	36.128	68.083	35.781	29.7	69.925
56	86	36.545	36.128	68.083	39.17	31.255	70.669
56	89	36.545	36.128	68.083	40.534	28.814	66.081
57	60	35.55	39.279	69.97	30.608	37.374	69.453
57	61	35.55	39.279	69.97	29.627	41.037	69.92
58	61	34.419	40.889	66.76	29.627	41.037	69.92
58	104	34.419	40.889	66.76	36.86	40.847	62.039
58	105	34.419	40.889	66.76	36.989	43.076	65.123
59	62	32.047	38.018	65.987	27.297	40.713	66.948
59	63	32.047	38.018	65.987	24.758	38.589	68.838
59	446	32.047	38.018	65.987	29.599	31.994	64.285
59	449	32.047	38.018	65.987	25.842	35.863	63.934
59	450	32.047	38.018	65.987	27.458	37.355	60.842
60	63	30.608	37.374	69.453	24.758	38.589	68.838
60	78	30.608	37.374	69.453	28.57	34.382	75.452
60	82	30.608	37.374	69.453	33.876	33.031	72.84
60	449	30.608	37.374	69.453	25.842	35.863	63.934
61	66	29.627	41.037	69.92	23.526	42.003	73.422
62	116	27.297	40.713	66.948	32.198	40.466	56.8
62	449	27.297	40.713	66.948	25.842	35.863	63.934
63	66	24.758	38.589	68.838	23.526	42.003	73.422
63	67	24.758	38.589	68.838	21.58	44.957	72.028
63	78	24.758	38.589	68.838	28.57	34.382	75.452
63	449	24.758	38.589	68.838	25.842	35.863	63.934
63	536	24.758	38.589	68.838	17.458	34.515	68.877
64	67	21.573	40.723	68.661	21.58	44.957	72.028
64	68	21.573	40.723	68.661	18.707	44.599	74.5
64	452	21.573	40.723	68.661	23.098	40.239	61.969
64	536	21.573	40.723	68.661	17.458	34.515	68.877
65	68	20.551	39.932	72.258	18.707	44.599	74.5
65	74	20.551	39.932	72.258	23.676	36.081	78.911
65	535	20.551	39.932	72.258	16.969	31.524	71.177
65	536	20.551	39.932	72.258	17.458	34.515	68.877
66	70	23.526	42.003	73.422	21.773	41.746	78.128
66	78	23.526	42.003	73.422	28.57	34.382	75.452
70	74	21.773	41.746	78.128	23.676	36.081	78.911
70	75	21.773	41.746	78.128	26.982	37.941	78.833
71	74	21.372	39.822	81.369	23.676	36.081	78.911
71	75	21.372	39.822	81.369	26.982	37.941	78.833
71	76	21.372	39.822	81.369	28.862	35.224	80.725
72	75	24.462	39.033	83.43	26.982	37.941	78.833
72	76	24.462	39.033	83.43	28.862	35.224	80.725
72	77	24.462	39.033	83.43	27.444	32.466	78.537
73	76	23.956	35.353	82.634	28.862	35.224	80.725
73	77	23.956	35.353	82.634	27.444	32.466	78.537
73	78	23.956	35.353	82.634	28.57	34.382	75.452
74	77	23.676	36.081	78.911	27.444	32.466	78.537
74	78	23.676	36.081	78.911	28.57	34.382	75.452
74	79	23.676	36.081	78.911	31.935	35.008	77.068
75	78	26.982	37.941	78.833	28.57	34.382	75.452
75	79	26.982	37.941	78.833	31.935	35.008	77.068
75	80	26.982	37.941	78.833	32.423	31.269	77.614
76	79	28.862	35.224	80.725	31.935	35.008	77.068
76	80	28.862	35.224	80.725	32.423	31.269	77.614
76	81	28.862	35.224	80.725	31.306	30.506	74.059
77	80	27.444	32.466	78.537	32.423	31.269	77.614
77	81	27.444	32.466	78.537	31.306	30.506	74.059
77	82	27.444	32.466	78.537	33.876	33.031	72.84
78	81	28.57	34.382	75.452	31.306	30.506	74.059
78	82	28.57	34.382	75.452	33.876	33.031	72.84
78	83	28.57	34.382	75.452	36.545	31.342	74.94
79	82	31.935	35.008	77.068	33.876	33.031	72.84
79	83	31.935	35.008	77.068	36.545	31.342	74.94
79	84	31.935	35.008	77.068	35.777	27.985	73.309
80	83	32.423	31.269	77.614	36.545	31.342	74.94
80	84	32.423	31.269	77.614	35.777	27.985	73.309
80	85	32.423	31.269	77.614	35.781	29.7	69.925
81	84	31.306	30.506	74.059	35.777	27.985	73.309
81	85	31.306	30.506	74.059	35.781	29.7	69.925
81	86	31.306	30.506	74.059	39.17	31.255	70.669
81	442	31.306	30.506	74.059	30.285	26.559	67.236
81	445	31.306	30.506	74.059	26.629	29.957	65.488
81	449	31.306	30.506	74.059	25.842	35.863	63.934
82	85	33.876	33.031	72.84	35.781	29.7	69.925
82	86	33.876	33.031	72.84	39.17	31.255	70.669
82	87	33.876	33.031	72.84	40.606	27.888	71.71
83	86	36.545	31.342	74.94	39.17	31.255	70.669
83	87	36.545	31.342	74.94	40.606	27.888	71.71
83	88	36.545	31.342	74.94	39.248	26.228	68.559
84	87	35.777	27.985	73.309	40.606	27.888	71.71
84	88	35.777	27.985	73.309	39.248	26.228	68.559
84	89	35.777	27.985	73.309	40.534	28.814	66.081
84	442	35.777	27.985	73.309	30.285	26.559	67.236
85	88	35.781	29.7	69.925	39.248	26.228	68.559
85	89	35.781	29.7	69.925	40.534	28.814	66.081
85	90	35.781	29.7	69.925	43.842	29.448	67.863
85	446	35.781	29.7	69.925	29.599	31.994	64.285
86	89	39.17	31.255	70.669	40.534	28.814	66.081
86	90	39.17	31.255	70.669	43.842	29.448	67.863
86	91	39.17	31.255	70.669	44.547	25.753	67.473
87	90	40.606	27.888	71.71	43.842	29.448	67.863
87	91	40.606	27.888	71.71	44.547	25.753	67.473
87	92	40.606	27.888	71.71	43.597	25.919	63.792
87	434	40.606	27.888	71.71	37.795	18.401	70.0
88	91	39.248	26.228	68.559	44.547	25.753	67.473
88	92	39.248	26.228	68.559	43.597	25.919	63.792
88	93	39.248	26.228	68.559	41.088	23.093	64.087
88	94	39.248	26.228	68.559	38.613	25.425	62.405
88	434	39.248	26.228	68.559	37.795	18.401	70.0
88	439	39.248	26.228	68.559	33.032	22.08	66.569
88	442	39.248	26.228	68.559	30.285	26.559	67.236
89	92	40.534	28.814	66.081	43.597	25.919	63.792
89	93	40.534	28.814	66.081	41.088	23.093	64.087
89	94	40.534	28.814	66.081	38.613	25.425	62.405
89	96	40.534	28.814	66.081	36.409	31.718	59.656
91	432	44.547	25.753	67.473	43.406	18.957	68.883
92	428	43.597	25.919	63.792	42.969	18.632	62.816
92	556	43.597	25.919	63.792	47.575	27.984	57.584
93	425	41.088	23.093	64.087	39.32	20.793	59.315
94	422	38.613	25.425	62.405	33.226	29.025	58.086
94	424	38.613	25.425	62.405	36.412	23.218	59.619
94	439	38.613	25.425	62.405	33.032	22.08	66.569
95	422	38.607	29.018	61.177	33.226	29.025	58.086
95	423	38.607	29.018	61.177	35.8	26.31	57.519
95	425	38.607	29.018	61.177	39.32	20.793	59.315
95	553	38.607	29.018	61.177	43.39	29.397	54.872
96	100	36.409	31.718	59.656	37.124	37.528	58.629
96	101	36.409	31.718	59.656	40.685	36.84	59.821
96	422	36.409	31.718	59.656	33.226	29.025	58.086
96	423	36.409	31.718	59.656	35.8	26.31	57.519
96	446	36.409	31.718	59.656	29.599	31.994	64.285
97	100	37.036	33.019	56.129	37.124	37.528	58.629
97	101	37.036	33.019	56.129	40.685	36.84	59.821
97	102	37.036	33.019	56.129	41.756	40.103	58.239
97	421	37.036	33.019	56.129	31.33	30.722	55.298
98	101	40.273	34.762	55.22	40.685	36.84	59.821
98	102	40.273	34.762	55.22	41.756	40.103	58.239
98	103	40.273	34.762	55.22	38.906	42.426	59.224
99	102	38.312	38.025	55.059	41.756	40.103	58.239
99	103	38.312	38.025	55.059	38.906	42.426	59.224
99	104	38.312	38.025	55.059	36.86	40.847	62.039
99	117	38.312	38.025	55.059	30.971	38.747	53.616
99	118	38.312	38.025	55.059	33.351	38.143	50.7
100	103	37.124	37.528	58.629	38.906	42.426	59.224
100	104	37.124	37.528	58.629	36.86	40.847	62.039
100	116	37.124	37.528	58.629	32.198	40.466	56.8
100	446	37.124	37.528	58.629	29.599	31.994	64.285
101	104	40.685	36.84	59.821	36.86	40.847	62.039
101	553	40.685	36.84	59.821	43.39	29.397	54.872
101	556	40.685	36.84	59.821	47.575	27.984	57.584
103	106	38.906	42.426	59.224	38.699	45.998	63.385
103	108	38.906	42.426	59.224	37.278	49.407	59.52
103	109	38.906	42.426	59.224	34.847	46.527	59.934
103	116	38.906	42.426	59.224	32.198	40.466	56.8
105	109	36.989	43.076	65.123	34.847	46.527	59.934
106	109	38.699	45.998	63.385	34.847	46.527	59.934
106	110	38.699	45.998	63.385	32.698	48.365	62.449
106	111	38.699	45.998	63.385	32.538	51.407	60.156
107	110	37.766	49.671	63.275	32.698	48.365	62.449
107	111	37.766	49.671	63.275	32.538	51.407	60.156
108	111	37.278	49.407	59.52	32.538	51.407	60.156
108	112	37.278	49.407	59.52	31.927	49.496	56.895
108	265	37.278	49.407	59.52	40.703	52.444	54.536
108	267	37.278	49.407	59.52	43.062	47.287	52.953
109	112	34.847	46.527	59.934	31.927	49.496	56.895
109	116	34.847	46.527	59.934	32.198	40.466	56.8
111	265	32.538	51.407	60.156	40.703	52.444	54.536
112	115	31.927	49.496	56.895	32.539	44.032	55.449
113	456	28.753	47.62	55.96	24.272	48.513	52.903
114	117	28.924	44.237	54.201	30.971	38.747	53.616
114	120	28.924	44.237	54.201	27.758	37.852	46.395
114	159	28.924	44.237	54.201	34.866	46.316	49.154
114	454	28.924	44.237	54.201	25.226	45.851	59.014
114	455	28.924	44.237	54.201	24.372	45.536	55.297
114	456	28.924	44.237	54.201	24.272	48.513	52.903
114	457	28.924	44.237	54.201	21.817	47.227	50.284
115	454	32.539	44.032	55.449	25.226	45.851	59.014
116	450	32.198	40.466	56.8	27.458	37.355	60.842
116	453	32.198	40.466	56.8	25.923	42.532	60.834
117	120	30.971	38.747	53.616	27.758	37.852	46.395
117	418	30.971	38.747	53.616	26.068	37.015	50.174
117	420	30.971	38.747	53.616	28.686	33.363	54.679
117	450	30.971	38.747	53.616	27.458	37.355	60.842
117	455	30.971	38.747	53.616	24.372	45.536	55.297
118	160	33.351	38.143	50.7	37.161	43.426	48.226
118	162	33.351	38.143	50.7	33.822	38.521	44.57
118	419	33.351	38.143	50.7	28.057	33.895	50.961
119	406	31.09	36.868	47.874	29.343	32.976	43.791
119	419	31.09	36.868	47.874	28.057	33.895	50.961
120	152	27.758	37.852	46.395	25.884	46.597	43.277
120	156	27.758	37.852	46.395	30.961	44.822	46.528
120	162	27.758	37.852	46.395	33.822	38.521	44.57
120	164	27.758	37.852	46.395	28.709	36.201	40.624
120	413	27.758	37.852	46.395	22.418	32.306	45.938
120	417	27.758	37.852	46.395	22.588	37.552	48.678
120	418	27.758	37.852	46.395	26.068	37.015	50.174
120	460	27.758	37.852	46.395	20.592	42.071	50.755
121	164	25.392	37.242	43.486	28.709	36.201	40.624
121	165	25.392	37.242	43.486	26.179	37.696	38.208
121	166	25.392	37.242	43.486	23.596	36.5	35.704
121	403	25.392	37.242	43.486	19.298	32.566	40.586
121	404	25.392	37.242	43.486	23.016	31.93	40.566
121	413	25.392	37.242	43.486	22.418	32.306	45.938
121	414	25.392	37.242	43.486	19.495	34.65	45.387
121	416	25.392	37.242	43.486	21.812	40.371	46.239
121	417	25.392	37.242	43.486	22.588	37.552	48.678
122	149	23.306	39.699	41.461	22.991	45.728	39.198
122	152	23.306	39.699	41.461	25.884	46.597	43.277
122	163	23.306	39.699	41.461	30.548	38.778	42.696
122	164	23.306	39.699	41.461	28.709	36.201	40.624
122	165	23.306	39.699	41.461	26.179	37.696	38.208
122	166	23.306	39.699	41.461	23.596	36.5	35.704
122	415	23.306	39.699	41.461	19.727	38.16	43.943
123	127	21.053	39.443	38.379	16.268	47.092	39.321
123	171	21.053	39.443	38.379	17.708	39.249	32.176
123	415	21.053	39.443	38.379	19.727	38.16	43.943
124	149	21.956	41.839	35.545	22.991	45.728	39.198
124	150	21.956	41.839	35.545	26.258	47.215	37.958
124	165	21.956	41.839	35.545	26.179	37.696	38.208
124	166	21.956	41.839	35.545	23.596	36.5	35.704
124	167	21.956	41.839	35.545	23.341	37.636	32.086
124	171	21.956	41.839	35.545	17.708	39.249	32.176
124	301	21.956	41.839	35.545	26.414	43.225	29.759
124	305	21.956	41.839	35.545	30.921	43.933	34.369
125	149	18.485	43.283	34.969	22.991	45.728	39.198
125	171	18.485	43.283	34.969	17.708	39.249	32.176
125	174	18.485	43.283	34.969	14.772	43.154	30.358
125	403	18.485	43.283	34.969	19.298	32.566	40.586
126	145	17.157	46.797	35.631	17.418	51.789	36.805
126	146	17.157	46.797	35.631	19.639	49.987	34.314
126	174	17.157	46.797	35.631	14.772	43.154	30.358
126	175	17.157	46.797	35.631	17.282	45.882	29.524
126	176	17.157	46.797	35.631	15.723	48.664	27.348
127	144	16.268	47.092	39.321	14.132	50.961	38.534
127	145	16.268	47.092	39.321	17.418	51.789	36.805
127	148	16.268	47.092	39.321	21.526	49.258	39.652
127	415	16.268	47.092	39.321	19.727	38.16	43.943
127	459	16.268	47.092	39.321	17.826	43.767	48.746
128	142	15.407	49.681	41.954	11.438	52.545	44.176
128	143	15.407	49.681	41.954	12.491	53.656	40.681
128	148	15.407	49.681	41.954	21.526	49.258	39.652
128	458	15.407	49.681	41.954	18.114	46.874	50.89
129	136	18.19	50.805	44.3	21.644	58.144	42.626
129	139	18.19	50.805	44.3	16.561	58.375	41.104
129	140	18.19	50.805	44.3	13.617	57.806	43.38
129	141	18.19	50.805	44.3	13.921	54.928	45.82
129	143	18.19	50.805	44.3	12.491	53.656	40.681
129	145	18.19	50.805	44.3	17.418	51.789	36.805
129	148	18.19	50.805	44.3	21.526	49.258	39.652
129	151	18.19	50.805	44.3	26.429	49.551	40.941
129	457	18.19	50.805	44.3	21.817	47.227	50.284
129	458	18.19	50.805	44.3	18.114	46.874	50.89
130	141	15.715	50.764	47.159	13.921	54.928	45.82
131	141	16.61	52.369	50.48	13.921	54.928	45.82
131	458	16.61	52.369	50.48	18.114	46.874	50.89
132	135	20.336	51.675	50.408	21.229	55.918	45.708
132	457	20.336	51.675	50.408	21.817	47.227	50.284
132	458	20.336	51.675	50.408	18.114	46.874	50.89
132	459	20.336	51.675	50.408	17.826	43.767	48.746
133	456	23.48	53.591	51.342	24.272	48.513	52.903
134	155	24.071	54.289	47.649	30.419	48.358	45.195
134	225	24.071	54.289	47.649	30.538	55.756	46.536
134	228	24.071	54.289	47.649	29.926	53.94	41.906
134	229	24.071	54.289	47.649	27.611	56.949	41.436
134	456	24.071	54.289	47.649	24.272	48.513	52.903
136	139	21.644	58.144	42.626	16.561	58.375	41.104
138	233	18.287	61.569	39.982	25.235	58.298	36.114
138	236	18.287	61.569	39.982	21.604	55.746	33.267
139	143	16.561	58.375	41.104	12.491	53.656	40.681
139	145	16.561	58.375	41.104	17.418	51.789	36.805
139	242	16.561	58.375	41.104	16.286	57.847	33.581
140	143	13.617	57.806	43.38	12.491	53.656	40.681
145	148	17.418	51.789	36.805	21.526	49.258	39.652
145	236	17.418	51.789	36.805	21.604	55.746	33.267
146	149	19.639	49.987	34.314	22.991	45.728	39.198
146	150	19.639	49.987	34.314	26.258	47.215	37.958
146	175	19.639	49.987	34.314	17.282	45.882	29.524
146	176	19.639	49.987	34.314	15.723	48.664	27.348
146	235	19.639	49.987	34.314	25.023	54.297	32.405
146	236	19.639	49.987	34.314	21.604	55.746	33.267
146	239	19.639	49.987	34.314	18.219	55.418	28.701
146	241	19.639	49.987	34.314	13.556	56.26	31.453
147	150	22.681	50.917	36.416	26.258	47.215	37.958
147	151	22.681	50.917	36.416	26.429	49.551	40.941
147	152	22.681	50.917	36.416	25.884	46.597	43.277
147	232	22.681	50.917	36.416	25.756	54.823	37.59
147	235	22.681	50.917	36.416	25.023	54.297	32.405
147	236	22.681	50.917	36.416	21.604	55.746	33.267
148	151	21.526	49.258	39.652	26.429	49.551	40.941
148	152	21.526	49.258	39.652	25.884	46.597	43.277
148	153	21.526	49.258	39.652	28.652	44.605	41.619
148	236	21.526	49.258	39.652	21.604	55.746	33.267
148	457	21.526	49.258	39.652	21.817	47.227	50.284
149	152	22.991	45.728	39.198	25.884	46.597	43.277
149	153	22.991	45.728	39.198	28.652	44.605	41.619
149	154	22.991	45.728	39.198	30.987	47.647	41.492
150	153	26.258	47.215	37.958	28.652	44.605	41.619
150	154	26.258	47.215	37.958	30.987	47.647	41.492
150	155	26.258	47.215	37.958	30.419	48.358	45.195
150	235	26.258	47.215	37.958	25.023	54.297	32.405
150	304	26.258	47.215	37.958	30.687	46.117	31.232
150	305	26.258	47.215	37.958	30.921	43.933	34.369
150	308	26.258	47.215	37.958	34.384	47.27	36.125
151	154	26.429	49.551	40.941	30.987	47.647	41.492
151	155	26.429	49.551	40.941	30.419	48.358	45.195
151	156	26.429	49.551	40.941	30.961	44.822	46.528
151	228	26.429	49.551	40.941	29.926	53.94	41.906
151	457	26.429	49.551	40.941	21.817	47.227	50.284
152	155	25.884	46.597	43.277	30.419	48.358	45.195
152	156	25.884	46.597	43.277	30.961	44.822	46.528
152	157	25.884	46.597	43.277	33.992	44.458	44.263
152	457	25.884	46.597	43.277	21.817	47.227	50.284
153	156	28.652	44.605	41.619	30.961	44.822	46.528
153	157	28.652	44.605	41.619	33.992	44.458	44.263
153	158	28.652	44.605	41.619	35.568	47.644	45.638
153	163	28.652	44.605	41.619	30.548	38.778	42.696
153	165	28.652	44.605	41.619	26.179	37.696	38.208
153	305	28.652	44.605	41.619	30.921	43.933	34.369
153	308	28.652	44.605	41.619	34.384	47.27	36.125
154	157	30.987	47.647	41.492	33.992	44.458	44.263
154	158	30.987	47.647	41.492	35.568	47.644	45.638
154	159	30.987	47.647	41.492	34.866	46.316	49.154
154	227	30.987	47.647	41.492	33.147	55.965	41.907
154	228	30.987	47.647	41.492	29.926	53.94	41.906
154	231	30.987	47.647	41.492	29.45	54.928	36.651
154	280	30.987	47.647	41.492	36.658	52.016	32.67
154	308	30.987	47.647	41.492	34.384	47.27	36.125
154	312	30.987	47.647	41.492	39.091	47.454	40.683
155	158	30.419	48.358	45.195	35.568	47.644	45.638
155	159	30.419	48.358	45.195	34.866	46.316	49.154
155	160	30.419	48.358	45.195	37.161	43.426	48.226
155	224	30.419	48.358	45.195	34.109	54.504	46.862
155	228	30.419	48.358	45.195	29.926	53.94	41.906
155	457	30.419	48.358	45.195	21.817	47.227	50.284
156	159	30.961	44.822	46.528	34.866	46.316	49.154
156	161	30.961	44.822	46.528	34.592	40.736	47.534
156	163	30.961	44.822	46.528	30.548	38.778	42.696
157	160	33.992	44.458	44.263	37.161	43.426	48.226
157	161	33.992	44.458	44.263	34.592	40.736	47.534
157	163	33.992	44.458	44.263	30.548	38.778	42.696
157	308	33.992	44.458	44.263	34.384	47.27	36.125
157	312	33.992	44.458	44.263	39.091	47.454	40.683
157	321	33.992	44.458	44.263	36.708	37.951	41.231
158	224	35.568	47.644	45.638	34.109	54.504	46.862
158	227	35.568	47.644	45.638	33.147	55.965	41.907
158	228	35.568	47.644	45.638	29.926	53.94	41.906
158	312	35.568	47.644	45.638	39.091	47.454	40.683
159	224	34.866	46.316	49.154	34.109	54.504	46.862
159	267	34.866	46.316	49.154	43.062	47.287	52.953
159	456	34.866	46.316	49.154	24.272	48.513	52.903
162	407	33.822	38.521	44.57	32.628	32.949	41.79
163	321	30.548	38.778	42.696	36.708	37.951	41.231
163	323	30.548	38.778	42.696	31.547	34.755	37.603
163	407	30.548	38.778	42.696	32.628	32.949	41.79
165	305	26.179	37.696	38.208	30.921	43.933	34.369
165	322	26.179	37.696	38.208	33.658	37.548	38.987
165	323	26.179	37.696	38.208	31.547	34.755	37.603
165	324	26.179	37.696	38.208	29.323	35.423	34.598
165	325	26.179	37.696	38.208	26.427	33.004	34.27
166	171	23.596	36.5	35.704	17.708	39.249	32.176
167	172	23.341	37.636	32.086	19.371	40.854	29.159
167	298	23.341	37.636	32.086	24.823	39.28	27.242
167	301	23.341	37.636	32.086	26.414	43.225	29.759
167	325	23.341	37.636	32.086	26.427	33.004	34.27
167	327	23.341	37.636	32.086	22.205	30.952	28.802
167	333	23.341	37.636	32.086	28.363	34.683	25.374
168	171	20.865	34.902	31.19	17.708	39.249	32.176
168	172	20.865	34.902	31.19	19.371	40.854	29.159
168	173	20.865	34.902	31.19	15.982	41.081	27.405
169	172	18.924	35.891	28.076	19.371	40.854	29.159
169	173	18.924	35.891	28.076	15.982	41.081	27.405
169	174	18.924	35.891	28.076	14.772	43.154	30.358
169	327	18.924	35.891	28.076	22.205	30.952	28.802
169	329	18.924	35.891	28.076	22.13	28.496	23.963
169	330	18.924	35.891	28.076	23.777	31.935	23.886
169	331	18.924	35.891	28.076	26.697	31.111	21.628
170	173	15.923	36.42	30.358	15.982	41.081	27.405
170	174	15.923	36.42	30.358	14.772	43.154	30.358
170	327	15.923	36.42	30.358	22.205	30.952	28.802
171	174	17.708	39.249	32.176	14.772	43.154	30.358
171	175	17.708	39.249	32.176	17.282	45.882	29.524
172	175	19.371	40.854	29.159	17.282	45.882	29.524
172	296	19.371	40.854	29.159	22.499	45.245	24.762
172	297	19.371	40.854	29.159	23.517	41.577	24.495
172	298	19.371	40.854	29.159	24.823	39.28	27.242
172	301	19.371	40.854	29.159	26.414	43.225	29.759
175	239	17.282	45.882	29.524	18.219	55.418	28.701
175	295	17.282	45.882	29.524	19.903	46.488	22.282
175	296	17.282	45.882	29.524	22.499	45.245	24.762
176	239	15.723	48.664	27.348	18.219	55.418	28.701
176	241	15.723	48.664	27.348	13.556	56.26	31.453
176	295	15.723	48.664	27.348	19.903	46.488	22.282
176	296	15.723	48.664	27.348	22.499	45.245	24.762
177	239	17.059	49.95	24.04	18.219	55.418	28.701
177	295	17.059	49.95	24.04	19.903	46.488	22.282
178	238	20.124	52.186	24.31	21.878	56.162	27.923
178	291	20.124	52.186	24.31	24.751	49.873	20.615
178	293	20.124	52.186	24.31	19.58	52.879	19.179
178	294	20.124	52.186	24.31	19.916	49.122	19.542
178	296	20.124	52.186	24.31	22.499	45.245	24.762
179	238	18.305	55.485	23.661	21.878	56.162	27.923
179	240	18.305	55.485	23.661	15.224	57.736	28.353
179	241	18.305	55.485	23.661	13.556	56.26	31.453
179	293	18.305	55.485	23.661	19.58	52.879	19.179
180	238	21.225	57.949	23.634	21.878	56.162	27.923
180	239	21.225	57.949	23.634	18.219	55.418	28.701
180	240	21.225	57.949	23.634	15.224	57.736	28.353
180	243	21.225	57.949	23.634	17.042	60.823	31.335
180	246	21.225	57.949	23.634	17.416	63.774	26.632
180	248	21.225	57.949	23.634	23.658	63.628	25.869
181	248	24.889	57.824	22.671	23.658	63.628	25.869
181	289	24.889	57.824	22.671	27.383	53.862	22.537
181	292	24.889	57.824	22.671	23.083	53.287	20.59
182	237	26.557	59.883	25.394	22.105	58.634	30.791
182	238	26.557	59.883	25.394	21.878	56.162	27.923
182	248	26.557	59.883	25.394	23.658	63.628	25.869
182	250	26.557	59.883	25.394	28.265	64.357	30.363
182	285	26.557	59.883	25.394	30.671	54.23	27.381
182	289	26.557	59.883	25.394	27.383	53.862	22.537
183	248	29.38	62.342	24.766	23.658	63.628	25.869
183	250	29.38	62.342	24.766	28.265	64.357	30.363
184	234	31.845	61.871	27.639	27.119	57.434	32.911
184	250	31.845	61.871	27.639	28.265	64.357	30.363
184	252	31.845	61.871	27.639	32.698	63.79	35.037
184	281	31.845	61.871	27.639	34.266	54.924	32.113
184	282	31.845	61.871	27.639	35.547	55.457	28.57
184	285	31.845	61.871	27.639	30.671	54.23	27.381
185	209	34.676	64.031	28.925	37.624	70.927	28.577
185	210	34.676	64.031	28.925	34.843	71.764	26.126
185	250	34.676	64.031	28.925	28.265	64.357	30.363
185	252	34.676	64.031	28.925	32.698	63.79	35.037
186	202	36.719	63.063	31.968	42.012	59.865	28.119
186	203	36.719	63.063	31.968	41.24	62.603	30.641
186	204	36.719	63.063	31.968	41.478	66.278	29.653
186	252	36.719	63.063	31.968	32.698	63.79	35.037
186	278	36.719	63.063	31.968	38.99	56.849	33.548
186	281	36.719	63.063	31.968	34.266	54.924	32.113
186	282	36.719	63.063	31.968	35.547	55.457	28.57
187	209	38.323	66.026	33.712	37.624	70.927	28.577
187	251	38.323	66.026	33.712	31.299	65.793	32.117
187	252	38.323	66.026	33.712	32.698	63.79	35.037
187	253	38.323	66.026	33.712	35.268	65.653	37.15
187	254	38.323	66.026	33.712	37.752	63.348	38.951
188	192	41.421	65.874	35.89	46.034	67.05	40.513
188	194	41.421	65.874	35.89	47.506	62.431	38.826
188	198	41.421	65.874	35.89	45.176	60.65	33.594
188	203	41.421	65.874	35.89	41.24	62.603	30.641
188	204	41.421	65.874	35.89	41.478	66.278	29.653
188	206	41.421	65.874	35.89	40.592	71.892	32.865
188	254	41.421	65.874	35.89	37.752	63.348	38.951
188	278	41.421	65.874	35.89	38.99	56.849	33.548
189	192	42.698	69.359	36.701	46.034	67.05	40.513
189	195	42.698	69.359	36.701	47.085	64.877	35.947
189	206	42.698	69.359	36.701	40.592	71.892	32.865
189	253	42.698	69.359	36.701	35.268	65.653	37.15
189	255	42.698	69.359	36.701	40.111	66.112	40.105
190	195	46.285	70.255	35.799	47.085	64.877	35.947
190	205	46.285	70.255	35.799	42.915	69.18	31.598
190	206	46.285	70.255	35.799	40.592	71.892	32.865
190	207	46.285	70.255	35.799	41.893	74.002	29.965
190	208	46.285	70.255	35.799	41.124	71.483	27.186
192	195	46.034	67.05	40.513	47.085	64.877	35.947
192	196	46.034	67.05	40.513	49.706	63.533	33.534
194	198	47.506	62.431	38.826	45.176	60.65	33.594
194	199	47.506	62.431	38.826	45.809	62.566	30.372
194	260	47.506	62.431	38.826	48.143	56.253	43.334
194	274	47.506	62.431	38.826	41.763	57.705	39.038
194	275	47.506	62.431	38.826	43.498	56.306	35.949
195	198	47.085	64.877	35.947	45.176	60.65	33.594
195	199	47.085	64.877	35.947	45.809	62.566	30.372
195	200	47.085	64.877	35.947	47.555	59.404	29.215
196	199	49.706	63.533	33.534	45.809	62.566	30.372
196	200	49.706	63.533	33.534	47.555	59.404	29.215
196	201	49.706	63.533	33.534	44.387	57.362	29.696
197	200	48.846	59.881	34.207	47.555	59.404	29.215
197	201	48.846	59.881	34.207	44.387	57.362	29.696
197	275	48.846	59.881	34.207	43.498	56.306	35.949
198	201	45.176	60.65	33.594	44.387	57.362	29.696
198	203	45.176	60.65	33.594	41.24	62.603	30.641
198	278	45.176	60.65	33.594	38.99	56.849	33.548
199	202	45.809	62.566	30.372	42.012	59.865	28.119
199	203	45.809	62.566	30.372	41.24	62.603	30.641
201	278	44.387	57.362	29.696	38.99	56.849	33.548
203	278	41.24	62.603	30.641	38.99	56.849	33.548
204	208	41.478	66.278	29.653	41.124	71.483	27.186
205	208	42.915	69.18	31.598	41.124	71.483	27.186
205	209	42.915	69.18	31.598	37.624	70.927	28.577
206	209	40.592	71.892	32.865	37.624	70.927	28.577
206	253	40.592	71.892	32.865	35.268	65.653	37.15
209	251	37.624	70.927	28.577	31.299	65.793	32.117
211	251	31.709	72.672	28.068	31.299	65.793	32.117
212	215	28.401	74.382	27.367	26.196	69.632	29.7
212	249	28.401	74.382	27.367	26.541	65.672	27.244
214	247	23.479	72.05	28.531	20.748	65.273	27.692
214	248	23.479	72.05	28.531	23.658	63.628	25.869
215	249	26.196	69.632	29.7	26.541	65.672	27.244
215	251	26.196	69.632	29.7	31.299	65.793	32.117
216	237	25.606	67.415	32.731	22.105	58.634	30.791
216	247	25.606	67.415	32.731	20.748	65.273	27.692
216	249	25.606	67.415	32.731	26.541	65.672	27.244
216	250	25.606	67.415	32.731	28.265	64.357	30.363
216	251	25.606	67.415	32.731	31.299	65.793	32.117
217	251	28.403	67.885	35.251	31.299	65.793	32.117
217	253	28.403	67.885	35.251	35.268	65.653	37.15
218	221	29.391	65.769	38.261	33.63	62.83	45.928
218	230	29.391	65.769	38.261	29.767	58.212	38.536
218	233	29.391	65.769	38.261	25.235	58.298	36.114
218	251	29.391	65.769	38.261	31.299	65.793	32.117
218	252	29.391	65.769	38.261	32.698	63.79	35.037
218	253	29.391	65.769	38.261	35.268	65.653	37.15
219	253	32.202	66.388	40.748	35.268	65.653	37.15
219	255	32.202	66.388	40.748	40.111	66.112	40.105
219	256	32.202	66.388	40.748	39.49	65.152	43.748
220	230	33.229	63.013	42.18	29.767	58.212	38.536
220	253	33.229	63.013	42.18	35.268	65.653	37.15
220	254	33.229	63.013	42.18	37.752	63.348	38.951
220	256	33.229	63.013	42.18	39.49	65.152	43.748
220	257	33.229	63.013	42.18	40.232	61.457	43.388
220	277	33.229	63.013	42.18	38.467	54.633	36.606
222	256	36.934	61.097	46.637	39.49	65.152	43.748
222	258	36.934	61.097	46.637	43.264	60.576	45.522
223	226	35.126	58.005	47.966	31.782	58.575	44.329
223	227	35.126	58.005	47.966	33.147	55.965	41.907
223	228	35.126	58.005	47.966	29.926	53.94	41.906
224	227	34.109	54.504	46.862	33.147	55.965	41.907
224	228	34.109	54.504	46.862	29.926	53.94	41.906
224	229	34.109	54.504	46.862	27.611	56.949	41.436
225	228	30.538	55.756	46.536	29.926	53.94	41.906
225	229	30.538	55.756	46.536	27.611	56.949	41.436
225	230	30.538	55.756	46.536	29.767	58.212	38.536
226	229	31.782	58.575	44.329	27.611	56.949	41.436
226	230	31.782	58.575	44.329	29.767	58.212	38.536
226	231	31.782	58.575	44.329	29.45	54.928	36.651
227	230	33.147	55.965	41.907	29.767	58.212	38.536
227	231	33.147	55.965	41.907	29.45	54.928	36.651
227	232	33.147	55.965	41.907	25.756	54.823	37.59
227	257	33.147	55.965	41.907	40.232	61.457	43.388
227	277	33.147	55.965	41.907	38.467	54.633	36.606
228	231	29.926	53.94	41.906	29.45	54.928	36.651
228	232	29.926	53.94	41.906	25.756	54.823	37.59
228	233	29.926	53.94	41.906	25.235	58.298	36.114
229	232	27.611	56.949	41.436	25.756	54.823	37.59
229	233	27.611	56.949	41.436	25.235	58.298	36.114
229	234	27.611	56.949	41.436	27.119	57.434	32.911
230	233	29.767	58.212	38.536	25.235	58.298	36.114
230	234	29.767	58.212	38.536	27.119	57.434	32.911
230	235	29.767	58.212	38.536	25.023	54.297	32.405
231	235	29.45	54.928	36.651	25.023	54.297	32.405
231	236	29.45	54.928	36.651	21.604	55.746	33.267
231	280	29.45	54.928	36.651	36.658	52.016	32.67
231	284	29.45	54.928	36.651	32.009	51.296	29.367
231	308	29.45	54.928	36.651	34.384	47.27	36.125
232	235	25.756	54.823	37.59	25.023	54.297	32.405
232	236	25.756	54.823	37.59	21.604	55.746	33.267
232	237	25.756	54.823	37.59	22.105	58.634	30.791
233	236	25.235	58.298	36.114	21.604	55.746	33.267
233	237	25.235	58.298	36.114	22.105	58.634	30.791
233	238	25.235	58.298	36.114	21.878	56.162	27.923
233	250	25.235	58.298	36.114	28.265	64.357	30.363
233	252	25.235	58.298	36.114	32.698	63.79	35.037
234	237	27.119	57.434	32.911	22.105	58.634	30.791
234	238	27.119	57.434	32.911	21.878	56.162	27.923
234	250	27.119	57.434	32.911	28.265	64.357	30.363
234	281	27.119	57.434	32.911	34.266	54.924	32.113
234	285	27.119	57.434	32.911	30.671	54.23	27.381
235	238	25.023	54.297	32.405	21.878	56.162	27.923
235	239	25.023	54.297	32.405	18.219	55.418	28.701
235	288	25.023	54.297	32.405	26.965	51.383	25.427
236	239	21.604	55.746	33.267	18.219	55.418	28.701
236	242	21.604	55.746	33.267	16.286	57.847	33.581
237	243	22.105	58.634	30.791	17.042	60.823	31.335
237	250	22.105	58.634	30.791	28.265	64.357	30.363
238	285	21.878	56.162	27.923	30.671	54.23	27.381
238	288	21.878	56.162	27.923	26.965	51.383	25.427
238	289	21.878	56.162	27.923	27.383	53.862	22.537
239	242	18.219	55.418	28.701	16.286	57.847	33.581
239	243	18.219	55.418	28.701	17.042	60.823	31.335
239	296	18.219	55.418	28.701	22.499	45.245	24.762
240	243	15.224	57.736	28.353	17.042	60.823	31.335
243	246	17.042	60.823	31.335	17.416	63.774	26.632
243	247	17.042	60.823	31.335	20.748	65.273	27.692
252	281	32.698	63.79	35.037	34.266	54.924	32.113
253	256	35.268	65.653	37.15	39.49	65.152	43.748
254	257	37.752	63.348	38.951	40.232	61.457	43.388
254	277	37.752	63.348	38.951	38.467	54.633	36.606
254	278	37.752	63.348	38.951	38.99	56.849	33.548
257	274	40.232	61.457	43.388	41.763	57.705	39.038
258	262	43.264	60.576	45.522	47.461	57.092	48.621
258	265	43.264	60.576	45.522	40.703	52.444	54.536
258	271	43.264	60.576	45.522	44.948	53.636	46.152
258	273	43.264	60.576	45.522	44.64	56.692	41.36
259	262	46.498	59.646	43.691	47.461	57.092	48.621
259	271	46.498	59.646	43.691	44.948	53.636	46.152
259	273	46.498	59.646	43.691	44.64	56.692	41.36
260	272	48.143	56.253	43.334	45.258	53.103	42.396
261	270	49.681	54.867	46.504	46.925	51.663	48.746
261	271	49.681	54.867	46.504	44.948	53.636	46.152
262	270	47.461	57.092	48.621	46.925	51.663	48.746
262	271	47.461	57.092	48.621	44.948	53.636	46.152
264	267	43.064	53.691	51.833	43.062	47.287	52.953
264	269	43.064	53.691	51.833	47.294	48.113	50.041
264	270	43.064	53.691	51.833	46.925	51.663	48.746
264	271	43.064	53.691	51.833	44.948	53.636	46.152
272	275	45.258	53.103	42.396	43.498	56.306	35.949
272	276	45.258	53.103	42.396	41.805	52.883	36.05
272	314	45.258	53.103	42.396	43.668	48.197	38.766
273	276	44.64	56.692	41.36	41.805	52.883	36.05
273	277	44.64	56.692	41.36	38.467	54.633	36.606
274	277	41.763	57.705	39.038	38.467	54.633	36.606
274	278	41.763	57.705	39.038	38.99	56.849	33.548
274	279	41.763	57.705	39.038	39.597	53.913	31.186
275	278	43.498	56.306	35.949	38.99	56.849	33.548
275	279	43.498	56.306	35.949	39.597	53.913	31.186
275	280	43.498	56.306	35.949	36.658	52.016	32.67
276	279	41.805	52.883	36.05	39.597	53.913	31.186
276	280	41.805	52.883	36.05	36.658	52.016	32.67
276	281	41.805	52.883	36.05	34.266	54.924	32.113
277	280	38.467	54.633	36.606	36.658	52.016	32.67
277	281	38.467	54.633	36.606	34.266	54.924	32.113
277	282	38.467	54.633	36.606	35.547	55.457	28.57
278	281	38.99	56.849	33.548	34.266	54.924	32.113
278	282	38.99	56.849	33.548	35.547	55.457	28.57
278	283	38.99	56.849	33.548	35.371	51.783	27.631
279	282	39.597	53.913	31.186	35.547	55.457	28.57
279	283	39.597	53.913	31.186	35.371	51.783	27.631
279	284	39.597	53.913	31.186	32.009	51.296	29.367
280	283	36.658	52.016	32.67	35.371	51.783	27.631
280	284	36.658	52.016	32.67	32.009	51.296	29.367
280	285	36.658	52.016	32.67	30.671	54.23	27.381
280	307	36.658	52.016	32.67	35.528	46.383	32.612
280	308	36.658	52.016	32.67	34.384	47.27	36.125
280	311	36.658	52.016	32.67	39.19	48.81	37.125
281	284	34.266	54.924	32.113	32.009	51.296	29.367
281	285	34.266	54.924	32.113	30.671	54.23	27.381
281	286	34.266	54.924	32.113	31.88	52.719	24.098
282	285	35.547	55.457	28.57	30.671	54.23	27.381
282	286	35.547	55.457	28.57	31.88	52.719	24.098
282	287	35.547	55.457	28.57	30.12	49.405	24.726
283	286	35.371	51.783	27.631	31.88	52.719	24.098
283	287	35.371	51.783	27.631	30.12	49.405	24.726
283	288	35.371	51.783	27.631	26.965	51.383	25.427
283	307	35.371	51.783	27.631	35.528	46.383	32.612
283	345	35.371	51.783	27.631	42.064	43.489	27.547
284	287	32.009	51.296	29.367	30.12	49.405	24.726
284	288	32.009	51.296	29.367	26.965	51.383	25.427
284	289	32.009	51.296	29.367	27.383	53.862	22.537
284	307	32.009	51.296	29.367	35.528	46.383	32.612
285	288	30.671	54.23	27.381	26.965	51.383	25.427
285	289	30.671	54.23	27.381	27.383	53.862	22.537
285	290	30.671	54.23	27.381	28.318	51.093	20.064
286	289	31.88	52.719	24.098	27.383	53.862	22.537
286	290	31.88	52.719	24.098	28.318	51.093	20.064
286	291	31.88	52.719	24.098	24.751	49.873	20.615
287	290	30.12	49.405	24.726	28.318	51.093	20.064
287	291	30.12	49.405	24.726	24.751	49.873	20.615
287	300	30.12	49.405	24.726	27.802	43.661	26.239
287	304	30.12	49.405	24.726	30.687	46.117	31.232
287	307	30.12	49.405	24.726	35.528	46.383	32.612
288	291	26.965	51.383	25.427	24.751	49.873	20.615
288	296	26.965	51.383	25.427	22.499	45.245	24.762
288	304	26.965	51.383	25.427	30.687	46.117	31.232
289	292	27.383	53.862	22.537	23.083	53.287	20.59
291	294	24.751	49.873	20.615	19.916	49.122	19.542
291	297	24.751	49.873	20.615	23.517	41.577	24.495
291	300	24.751	49.873	20.615	27.802	43.661	26.239
296	300	22.499	45.245	24.762	27.802	43.661	26.239
297	300	23.517	41.577	24.495	27.802	43.661	26.239
297	301	23.517	41.577	24.495	26.414	43.225	29.759
297	302	23.517	41.577	24.495	29.288	40.893	30.707
298	301	24.823	39.28	27.242	26.414	43.225	29.759
298	302	24.823	39.28	27.242	29.288	40.893	30.707
298	303	24.823	39.28	27.242	31.853	43.201	29.072
298	330	24.823	39.28	27.242	23.777	31.935	23.886
299	302	28.272	39.902	25.825	29.288	40.893	30.707
299	303	28.272	39.902	25.825	31.853	43.201	29.072
299	304	28.272	39.902	25.825	30.687	46.117	31.232
299	332	28.272	39.902	25.825	28.009	34.683	21.599
299	347	28.272	39.902	25.825	37.339	39.457	29.556
300	303	27.802	43.661	26.239	31.853	43.201	29.072
300	304	27.802	43.661	26.239	30.687	46.117	31.232
300	305	27.802	43.661	26.239	30.921	43.933	34.369
301	304	26.414	43.225	29.759	30.687	46.117	31.232
301	305	26.414	43.225	29.759	30.921	43.933	34.369
301	306	26.414	43.225	29.759	34.365	42.806	33.248
302	305	29.288	40.893	30.707	30.921	43.933	34.369
302	306	29.288	40.893	30.707	34.365	42.806	33.248
302	307	29.288	40.893	30.707	35.528	46.383	32.612
302	336	29.288	40.893	30.707	33.28	35.697	24.297
303	306	31.853	43.201	29.072	34.365	42.806	33.248
303	307	31.853	43.201	29.072	35.528	46.383	32.612
303	308	31.853	43.201	29.072	34.384	47.27	36.125
303	336	31.853	43.201	29.072	33.28	35.697	24.297
303	346	31.853	43.201	29.072	39.326	42.661	30.065
303	347	31.853	43.201	29.072	37.339	39.457	29.556
304	307	30.687	46.117	31.232	35.528	46.383	32.612
304	308	30.687	46.117	31.232	34.384	47.27	36.125
304	309	30.687	46.117	31.232	36.189	44.306	37.67
305	308	30.921	43.933	34.369	34.384	47.27	36.125
305	309	30.921	43.933	34.369	36.189	44.306	37.67
305	310	30.921	43.933	34.369	39.264	45.269	35.704
305	322	30.921	43.933	34.369	33.658	37.548	38.987
306	309	34.365	42.806	33.248	36.189	44.306	37.67
306	310	34.365	42.806	33.248	39.264	45.269	35.704
306	311	34.365	42.806	33.248	39.19	48.81	37.125
306	336	34.365	42.806	33.248	33.28	35.697	24.297
306	346	34.365	42.806	33.248	39.326	42.661	30.065
306	347	34.365	42.806	33.248	37.339	39.457	29.556
306	349	34.365	42.806	33.248	38.017	39.514	34.627
306	350	34.365	42.806	33.248	35.34	36.829	35.0
307	310	35.528	46.383	32.612	39.264	45.269	35.704
307	311	35.528	46.383	32.612	39.19	48.81	37.125
307	312	35.528	46.383	32.612	39.091	47.454	40.683
307	346	35.528	46.383	32.612	39.326	42.661	30.065
308	311	34.384	47.27	36.125	39.19	48.81	37.125
308	312	34.384	47.27	36.125	39.091	47.454	40.683
308	313	34.384	47.27	36.125	42.003	45.064	40.144
309	312	36.189	44.306	37.67	39.091	47.454	40.683
309	313	36.189	44.306	37.67	42.003	45.064	40.144
309	314	36.189	44.306	37.67	43.668	48.197	38.766
309	322	36.189	44.306	37.67	33.658	37.548	38.987
310	313	39.264	45.269	35.704	42.003	45.064	40.144
310	314	39.264	45.269	35.704	43.668	48.197	38.766
310	346	39.264	45.269	35.704	39.326	42.661	30.065
310	348	39.264	45.269	35.704	39.851	37.715	31.774
311	314	39.19	48.81	37.125	43.668	48.197	38.766
313	316	42.003	45.064	40.144	47.818	45.058	40.919
321	407	36.708	37.951	41.231	32.628	32.949	41.79
322	349	33.658	37.548	38.987	38.017	39.514	34.627
322	350	33.658	37.548	38.987	35.34	36.829	35.0
322	351	33.658	37.548	38.987	35.033	33.074	34.608
322	407	33.658	37.548	38.987	32.628	32.949	41.79
323	407	31.547	34.755	37.603	32.628	32.949	41.79
324	333	29.323	35.423	34.598	28.363	34.683	25.374
324	351	29.323	35.423	34.598	35.033	33.074	34.608
324	352	29.323	35.423	34.598	31.997	32.149	32.582
324	353	29.323	35.423	34.598	29.413	29.406	33.009
325	353	26.427	33.004	34.27	29.413	29.406	33.009
325	354	26.427	33.004	34.27	26.047	28.425	31.581
325	379	26.427	33.004	34.27	25.349	25.652	37.049
326	353	24.571	33.056	30.944	29.413	29.406	33.009
326	355	24.571	33.056	30.944	22.771	27.61	33.305
327	330	22.205	30.952	28.802	23.777	31.935	23.886
328	334	23.394	27.62	27.453	29.833	31.18	25.497
328	354	23.394	27.62	27.453	26.047	28.425	31.581
328	355	23.394	27.62	27.453	22.771	27.61	33.305
328	360	23.394	27.62	27.453	19.597	19.34	29.39
330	333	23.777	31.935	23.886	28.363	34.683	25.374
330	334	23.777	31.935	23.886	29.833	31.18	25.497
330	335	23.777	31.935	23.886	32.518	32.216	22.978
331	334	26.697	31.111	21.628	29.833	31.18	25.497
331	335	26.697	31.111	21.628	32.518	32.216	22.978
332	335	28.009	34.683	21.599	32.518	32.216	22.978
333	336	28.363	34.683	25.374	33.28	35.697	24.297
333	337	28.363	34.683	25.374	36.445	34.741	26.202
333	352	28.363	34.683	25.374	31.997	32.149	32.582
334	337	29.833	31.18	25.497	36.445	34.741	26.202
334	354	29.833	31.18	25.497	26.047	28.425	31.581
335	338	32.518	32.216	22.978	37.941	33.009	23.163
335	339	32.518	32.216	22.978	38.539	36.364	21.426
336	339	33.28	35.697	24.297	38.539	36.364	21.426
336	347	33.28	35.697	24.297	37.339	39.457	29.556
336	352	33.28	35.697	24.297	31.997	32.149	32.582
337	343	36.445	34.741	26.202	40.441	38.346	26.548
337	347	36.445	34.741	26.202	37.339	39.457	29.556
337	350	36.445	34.741	26.202	35.34	36.829	35.0
337	352	36.445	34.741	26.202	31.997	32.149	32.582
337	375	36.445	34.741	26.202	35.332	26.858	30.098
338	372	37.941	33.009	23.163	40.303	23.651	25.284
338	373	37.941	33.009	23.163	40.344	26.22	28.073
339	342	38.539	36.364	21.426	39.449	41.162	24.188
339	343	38.539	36.364	21.426	40.441	38.346	26.548
339	344	38.539	36.364	21.426	43.752	40.092	27.175
339	347	38.539	36.364	21.426	37.339	39.457	29.556
340	343	42.259	36.717	22.182	40.441	38.346	26.548
340	344	42.259	36.717	22.182	43.752	40.092	27.175
340	345	42.259	36.717	22.182	42.064	43.489	27.547
341	344	42.491	40.538	21.978	43.752	40.092	27.175
341	345	42.491	40.538	21.978	42.064	43.489	27.547
341	346	42.491	40.538	21.978	39.326	42.661	30.065
342	345	39.449	41.162	24.188	42.064	43.489	27.547
342	346	39.449	41.162	24.188	39.326	42.661	30.065
342	347	39.449	41.162	24.188	37.339	39.457	29.556
342	348	39.449	41.162	24.188	39.851	37.715	31.774
343	346	40.441	38.346	26.548	39.326	42.661	30.065
343	347	40.441	38.346	26.548	37.339	39.457	29.556
343	348	40.441	38.346	26.548	39.851	37.715	31.774
344	348	43.752	40.092	27.175	39.851	37.715	31.774
345	348	42.064	43.489	27.547	39.851	37.715	31.774
346	349	39.326	42.661	30.065	38.017	39.514	34.627
346	350	39.326	42.661	30.065	35.34	36.829	35.0
347	350	37.339	39.457	29.556	35.34	36.829	35.0
352	375	31.997	32.149	32.582	35.332	26.858	30.098
352	376	31.997	32.149	32.582	32.48	27.141	30.319
352	377	31.997	32.149	32.582	31.507	25.981	33.772
353	377	29.413	29.406	33.009	31.507	25.981	33.772
354	366	26.047	28.425	31.581	30.271	22.418	26.277
354	377	26.047	28.425	31.581	31.507	25.981	33.772
354	379	26.047	28.425	31.581	25.349	25.652	37.049
355	381	22.771	27.61	33.305	19.632	26.035	38.711
356	360	21.31	24.166	32.672	19.597	19.34	29.39
356	378	21.31	24.166	32.672	28.033	24.716	34.539
356	379	21.31	24.166	32.672	25.349	25.652	37.049
356	380	21.31	24.166	32.672	22.211	23.542	37.42
356	381	21.31	24.166	32.672	19.632	26.035	38.711
356	382	21.31	24.166	32.672	16.983	23.295	38.573
357	360	18.705	21.795	34.093	19.597	19.34	29.39
357	380	18.705	21.795	34.093	22.211	23.542	37.42
357	382	18.705	21.795	34.093	16.983	23.295	38.573
358	382	18.61	18.001	34.463	16.983	23.295	38.573
358	670	18.61	18.001	34.463	20.792	14.539	38.343
359	382	16.658	17.727	31.21	16.983	23.295	38.573
360	363	19.597	19.34	29.39	27.002	18.74	26.572
360	366	19.597	19.34	29.39	30.271	22.418	26.277
361	364	21.881	17.038	27.399	28.752	18.08	23.271
362	365	23.626	19.364	24.945	29.776	21.692	22.565
362	366	23.626	19.364	24.945	30.271	22.418	26.277
363	366	27.002	18.74	26.572	30.271	22.418	26.277
363	367	27.002	18.74	26.572	32.723	19.528	26.498
363	368	27.002	18.74	26.572	34.582	20.824	23.445
363	378	27.002	18.74	26.572	28.033	24.716	34.539
363	662	27.002	18.74	26.572	30.804	14.888	27.998
363	665	27.002	18.74	26.572	28.66	15.556	32.731
363	666	27.002	18.74	26.572	25.671	13.633	31.382
364	367	28.752	18.08	23.271	32.723	19.528	26.498
364	368	28.752	18.08	23.271	34.582	20.824	23.445
364	369	28.752	18.08	23.271	35.034	24.193	25.13
364	662	28.752	18.08	23.271	30.804	14.888	27.998
365	368	29.776	21.692	22.565	34.582	20.824	23.445
365	369	29.776	21.692	22.565	35.034	24.193	25.13
365	370	29.776	21.692	22.565	36.151	22.602	28.401
366	369	30.271	22.418	26.277	35.034	24.193	25.13
366	370	30.271	22.418	26.277	36.151	22.602	28.401
366	371	30.271	22.418	26.277	38.772	20.462	26.649
366	378	30.271	22.418	26.277	28.033	24.716	34.539
367	370	32.723	19.528	26.498	36.151	22.602	28.401
367	371	32.723	19.528	26.498	38.772	20.462	26.649
367	372	32.723	19.528	26.498	40.303	23.651	25.284
367	661	32.723	19.528	26.498	34.107	14.854	29.903
367	662	32.723	19.528	26.498	30.804	14.888	27.998
368	371	34.582	20.824	23.445	38.772	20.462	26.649
368	372	34.582	20.824	23.445	40.303	23.651	25.284
369	372	35.034	24.193	25.13	40.303	23.651	25.284
369	373	35.034	24.193	25.13	40.344	26.22	28.073
369	374	35.034	24.193	25.13	38.336	24.693	30.932
369	375	35.034	24.193	25.13	35.332	26.858	30.098
370	373	36.151	22.602	28.401	40.344	26.22	28.073
370	374	36.151	22.602	28.401	38.336	24.693	30.932
370	375	36.151	22.602	28.401	35.332	26.858	30.098
370	653	36.151	22.602	28.401	41.831	15.581	33.741
370	661	36.151	22.602	28.401	34.107	14.854	29.903
370	665	36.151	22.602	28.401	28.66	15.556	32.731
370	677	36.151	22.602	28.401	36.672	21.231	34.953
371	658	38.772	20.462	26.649	39.0	14.398	27.522
371	659	38.772	20.462	26.649	36.917	11.734	25.797
374	677	38.336	24.693	30.932	36.672	21.231	34.953
378	665	28.033	24.716	34.539	28.66	15.556	32.731
378	675	28.033	24.716	34.539	30.714	21.894	37.743
379	405	25.349	25.652	37.049	26.137	31.265	42.61
380	383	22.211	23.542	37.42	18.692	21.065	41.153
380	384	22.211	23.542	37.42	19.874	24.109	43.132
380	385	22.211	23.542	37.42	16.349	25.378	43.713
380	672	22.211	23.542	37.42	25.722	18.069	40.371
380	673	22.211	23.542	37.42	24.571	21.607	41.138
381	384	19.632	26.035	38.711	19.874	24.109	43.132
381	385	19.632	26.035	38.711	16.349	25.378	43.713
381	386	19.632	26.035	38.711	14.781	21.97	44.402
381	403	19.632	26.035	38.711	19.298	32.566	40.586
382	385	16.983	23.295	38.573	16.349	25.378	43.713
382	386	16.983	23.295	38.573	14.781	21.97	44.402
383	386	18.692	21.065	41.153	14.781	21.97	44.402
383	387	18.692	21.065	41.153	17.352	20.211	46.564
383	670	18.692	21.065	41.153	20.792	14.539	38.343
383	671	18.692	21.065	41.153	23.311	15.235	41.121
383	672	18.692	21.065	41.153	25.722	18.069	40.371
384	387	19.874	24.109	43.132	17.352	20.211	46.564
384	402	19.874	24.109	43.132	18.178	30.916	43.833
385	398	16.349	25.378	43.713	13.114	24.563	48.99
385	399	16.349	25.378	43.713	15.595	27.157	47.647
385	400	16.349	25.378	43.713	13.233	28.759	45.119
385	402	16.349	25.378	43.713	18.178	30.916	43.833
386	394	14.781	21.97	44.402	13.481	16.446	45.702
386	395	14.781	21.97	44.402	11.792	19.278	47.586
386	396	14.781	21.97	44.402	9.887	21.701	45.364
386	397	14.781	21.97	44.402	11.105	25.263	45.834
386	398	14.781	21.97	44.402	13.114	24.563	48.99
387	390	17.352	20.211	46.564	20.599	15.043	47.227
387	393	17.352	20.211	46.564	15.367	14.084	47.982
387	394	17.352	20.211	46.564	13.481	16.446	45.702
387	398	17.352	20.211	46.564	13.114	24.563	48.99
387	543	17.352	20.211	46.564	20.807	26.06	53.802
388	393	19.349	20.537	49.746	15.367	14.084	47.982
388	644	19.349	20.537	49.746	22.853	21.242	51.042
389	392	21.467	17.395	50.084	17.114	14.36	51.34
389	393	21.467	17.395	50.084	15.367	14.084	47.982
389	519	21.467	17.395	50.084	25.808	12.74	57.929
389	522	21.467	17.395	50.084	25.458	17.749	58.883
389	641	21.467	17.395	50.084	25.418	13.306	51.898
389	642	21.467	17.395	50.084	27.028	16.548	53.156
389	643	21.467	17.395	50.084	26.367	19.858	51.378
389	644	21.467	17.395	50.084	22.853	21.242	51.042
390	393	20.599	15.043	47.227	15.367	14.084	47.982
390	639	20.599	15.043	47.227	26.762	16.838	47.361
390	640	20.599	15.043	47.227	24.604	13.816	48.208
390	643	20.599	15.043	47.227	26.367	19.858	51.378
390	671	20.599	15.043	47.227	23.311	15.235	41.121
391	639	19.927	12.305	49.791	26.762	16.838	47.361
391	640	19.927	12.305	49.791	24.604	13.816	48.208
391	641	19.927	12.305	49.791	25.418	13.306	51.898
392	640	17.114	14.36	51.34	24.604	13.816	48.208
395	398	11.792	19.278	47.586	13.114	24.563	48.99
395	399	11.792	19.278	47.586	15.595	27.157	47.647
397	400	11.105	25.263	45.834	13.233	28.759	45.119
399	402	15.595	27.157	47.647	18.178	30.916	43.833
399	469	15.595	27.157	47.647	21.941	31.317	55.005
399	542	15.595	27.157	47.647	17.591	27.971	54.495
399	543	15.595	27.157	47.647	20.807	26.06	53.802
401	414	14.843	32.215	45.158	19.495	34.65	45.387
401	415	14.843	32.215	45.158	19.727	38.16	43.943
401	466	14.843	32.215	45.158	14.362	35.616	55.013
402	412	18.178	30.916	43.833	23.353	28.613	45.929
403	413	19.298	32.566	40.586	22.418	32.306	45.938
403	415	19.298	32.566	40.586	19.727	38.16	43.943
404	413	23.016	31.93	40.566	22.418	32.306	45.938
405	411	26.137	31.265	42.61	26.828	28.541	47.476
406	409	29.343	32.976	43.791	30.354	28.233	42.943
406	410	29.343	32.976	43.791	29.842	26.518	46.316
406	411	29.343	32.976	43.791	26.828	28.541	47.476
406	413	29.343	32.976	43.791	22.418	32.306	45.938
408	548	33.819	29.707	43.427	35.099	25.331	49.535
408	649	33.819	29.707	43.427	36.034	21.738	43.315
410	546	29.842	26.518	46.316	29.051	23.48	51.558
410	547	29.842	26.518	46.316	32.596	22.639	50.485
410	548	29.842	26.518	46.316	35.099	25.331	49.535
410	646	29.842	26.518	46.316	26.876	23.26	46.411
410	648	29.842	26.518	46.316	33.211	23.673	44.907
411	419	26.828	28.541	47.476	28.057	33.895	50.961
411	421	26.828	28.541	47.476	31.33	30.722	55.298
411	469	26.828	28.541	47.476	21.941	31.317	55.005
411	546	26.828	28.541	47.476	29.051	23.48	51.558
411	645	26.828	28.541	47.476	24.373	24.155	49.117
412	469	23.353	28.613	45.929	21.941	31.317	55.005
412	645	23.353	28.613	45.929	24.373	24.155	49.117
413	417	22.418	32.306	45.938	22.588	37.552	48.678
413	418	22.418	32.306	45.938	26.068	37.015	50.174
413	469	22.418	32.306	45.938	21.941	31.317	55.005
414	417	19.495	34.65	45.387	22.588	37.552	48.678
414	463	19.495	34.65	45.387	16.905	38.289	51.457
414	469	19.495	34.65	45.387	21.941	31.317	55.005
415	459	19.727	38.16	43.943	17.826	43.767	48.746
417	463	22.588	37.552	48.678	16.905	38.289	51.457
417	467	22.588	37.552	48.678	17.214	33.126	54.503
417	469	22.588	37.552	48.678	21.941	31.317	55.005
418	455	26.068	37.015	50.174	24.372	45.536	55.297
418	464	26.068	37.015	50.174	19.187	37.611	54.433
420	447	28.686	33.363	54.679	28.074	32.169	60.817
420	450	28.686	33.363	54.679	27.458	37.355	60.842
420	451	28.686	33.363	54.679	23.912	37.514	59.419
420	470	28.686	33.363	54.679	25.143	29.88	56.45
420	471	28.686	33.363	54.679	27.841	27.88	54.736
421	546	31.33	30.722	55.298	29.051	23.48	51.558
421	548	31.33	30.722	55.298	35.099	25.331	49.535
422	443	33.226	29.025	58.086	30.807	26.969	63.496
422	446	33.226	29.025	58.086	29.599	31.994	64.285
422	471	33.226	29.025	58.086	27.841	27.88	54.736
422	472	33.226	29.025	58.086	29.757	25.641	57.086
422	473	33.226	29.025	58.086	32.563	24.222	54.967
423	475	35.8	26.31	57.519	38.155	21.185	54.424
423	548	35.8	26.31	57.519	35.099	25.331	49.535
423	550	35.8	26.31	57.519	39.947	27.749	50.305
423	562	35.8	26.31	57.519	38.308	21.424	50.363
424	439	36.412	23.218	59.619	33.032	22.08	66.569
424	440	36.412	23.218	59.619	30.339	22.23	63.912
424	443	36.412	23.218	59.619	30.807	26.969	63.496
424	473	36.412	23.218	59.619	32.563	24.222	54.967
424	475	36.412	23.218	59.619	38.155	21.185	54.424
425	428	39.32	20.793	59.315	42.969	18.632	62.816
425	429	39.32	20.793	59.315	40.048	19.448	65.115
425	430	39.32	20.793	59.315	40.039	15.814	66.292
425	475	39.32	20.793	59.315	38.155	21.185	54.424
425	553	39.32	20.793	59.315	43.39	29.397	54.872
425	557	39.32	20.793	59.315	46.853	24.487	58.914
425	559	39.32	20.793	59.315	45.332	20.776	55.278
426	429	37.942	17.491	60.756	40.048	19.448	65.115
426	430	37.942	17.491	60.756	40.039	15.814	66.292
426	431	37.942	17.491	60.756	43.816	15.765	66.808
426	474	37.942	17.491	60.756	34.519	21.04	55.491
426	480	37.942	17.491	60.756	40.432	13.173	57.156
427	430	41.289	15.692	61.089	40.039	15.814	66.292
427	431	41.289	15.692	61.089	43.816	15.765	66.808
427	432	41.289	15.692	61.089	43.406	18.957	68.883
427	476	41.289	15.692	61.089	41.073	18.776	54.653
427	479	41.289	15.692	61.089	43.317	13.843	54.782
427	480	41.289	15.692	61.089	40.432	13.173	57.156
427	483	41.289	15.692	61.089	43.442	8.556	57.737
427	613	41.289	15.692	61.089	49.121	13.106	55.325
428	431	42.969	18.632	62.816	43.816	15.765	66.808
428	432	42.969	18.632	62.816	43.406	18.957	68.883
428	557	42.969	18.632	62.816	46.853	24.487	58.914
429	432	40.048	19.448	65.115	43.406	18.957	68.883
429	434	40.048	19.448	65.115	37.795	18.401	70.0
429	436	40.048	19.448	65.115	33.461	17.332	65.978
429	439	40.048	19.448	65.115	33.032	22.08	66.569
430	433	40.039	15.814	66.292	41.112	17.04	71.226
430	434	40.039	15.814	66.292	37.795	18.401	70.0
430	436	40.039	15.814	66.292	33.461	17.332	65.978
430	484	40.039	15.814	66.292	40.153	7.598	59.347
434	438	37.795	18.401	70.0	30.689	20.536	69.131
434	439	37.795	18.401	70.0	33.032	22.08	66.569
434	442	37.795	18.401	70.0	30.285	26.559	67.236
435	438	34.476	16.602	69.595	30.689	20.536	69.131
435	439	34.476	16.602	69.595	33.032	22.08	66.569
435	440	34.476	16.602	69.595	30.339	22.23	63.912
436	439	33.461	17.332	65.978	33.032	22.08	66.569
436	440	33.461	17.332	65.978	30.339	22.23	63.912
436	441	33.461	17.332	65.978	27.888	23.713	66.382
436	480	33.461	17.332	65.978	40.432	13.173	57.156
436	521	33.461	17.332	65.978	28.176	16.399	61.187
437	440	29.767	17.64	66.807	30.339	22.23	63.912
437	441	29.767	17.64	66.807	27.888	23.713	66.382
437	442	29.767	17.64	66.807	30.285	26.559	67.236
437	524	29.767	17.64	66.807	24.911	18.612	64.078
438	441	30.689	20.536	69.131	27.888	23.713	66.382
438	442	30.689	20.536	69.131	30.285	26.559	67.236
438	443	30.689	20.536	69.131	30.807	26.969	63.496
439	442	33.032	22.08	66.569	30.285	26.559	67.236
439	443	33.032	22.08	66.569	30.807	26.969	63.496
439	444	33.032	22.08	66.569	27.08	27.297	62.811
440	443	30.339	22.23	63.912	30.807	26.969	63.496
440	444	30.339	22.23	63.912	27.08	27.297	62.811
440	445	30.339	22.23	63.912	26.629	29.957	65.488
440	472	30.339	22.23	63.912	29.757	25.641	57.086
440	521	30.339	22.23	63.912	28.176	16.399	61.187
440	525	30.339	22.23	63.912	24.978	21.882	62.141
440	642	30.339	22.23	63.912	27.028	16.548	53.156
441	444	27.888	23.713	66.382	27.08	27.297	62.811
441	445	27.888	23.713	66.382	26.629	29.957	65.488
441	446	27.888	23.713	66.382	29.599	31.994	64.285
441	528	27.888	23.713	66.382	22.833	23.842	66.241
442	445	30.285	26.559	67.236	26.629	29.957	65.488
442	446	30.285	26.559	67.236	29.599	31.994	64.285
442	447	30.285	26.559	67.236	28.074	32.169	60.817
443	446	30.807	26.969	63.496	29.599	31.994	64.285
443	447	30.807	26.969	63.496	28.074	32.169	60.817
443	448	30.807	26.969	63.496	24.564	32.788	62.121
443	472	30.807	26.969	63.496	29.757	25.641	57.086
444	447	27.08	27.297	62.811	28.074	32.169	60.817
444	448	27.08	27.297	62.811	24.564	32.788	62.121
444	449	27.08	27.297	62.811	25.842	35.863	63.934
444	470	27.08	27.297	62.811	25.143	29.88	56.45
444	525	27.08	27.297	62.811	24.978	21.882	62.141
444	528	27.08	27.297	62.811	22.833	23.842	66.241
445	448	26.629	29.957	65.488	24.564	32.788	62.121
445	449	26.629	29.957	65.488	25.842	35.863	63.934
445	450	26.629	29.957	65.488	27.458	37.355	60.842
445	532	26.629	29.957	65.488	20.112	29.07	68.063
446	449	29.599	31.994	64.285	25.842	35.863	63.934
446	450	29.599	31.994	64.285	27.458	37.355	60.842
447	450	28.074	32.169	60.817	27.458	37.355	60.842
447	451	28.074	32.169	60.817	23.912	37.514	59.419
447	470	28.074	32.169	60.817	25.143	29.88	56.45
447	472	28.074	32.169	60.817	29.757	25.641	57.086
448	451	24.564	32.788	62.121	23.912	37.514	59.419
448	468	24.564	32.788	62.121	19.837	33.545	57.254
448	529	24.564	32.788	62.121	21.053	26.22	63.842
448	532	24.564	32.788	62.121	20.112	29.07	68.063
448	538	24.564	32.788	62.121	15.011	34.588	63.825
448	541	24.564	32.788	62.121	19.046	28.95	57.895
449	452	25.842	35.863	63.934	23.098	40.239	61.969
449	532	25.842	35.863	63.934	20.112	29.07	68.063
450	453	27.458	37.355	60.842	25.923	42.532	60.834
451	464	23.912	37.514	59.419	19.187	37.611	54.433
451	468	23.912	37.514	59.419	19.837	33.545	57.254
452	468	23.098	40.239	61.969	19.837	33.545	57.254
452	536	23.098	40.239	61.969	17.458	34.515	68.877
452	538	23.098	40.239	61.969	15.011	34.588	63.825
455	461	24.372	45.536	55.297	18.979	42.919	54.105
455	464	24.372	45.536	55.297	19.187	37.611	54.433
457	460	21.817	47.227	50.284	20.592	42.071	50.755
457	461	21.817	47.227	50.284	18.979	42.919	54.105
457	462	21.817	47.227	50.284	15.626	41.52	52.984
458	461	18.114	46.874	50.89	18.979	42.919	54.105
458	462	18.114	46.874	50.89	15.626	41.52	52.984
458	463	18.114	46.874	50.89	16.905	38.289	51.457
459	462	17.826	43.767	48.746	15.626	41.52	52.984
459	463	17.826	43.767	48.746	16.905	38.289	51.457
459	464	17.826	43.767	48.746	19.187	37.611	54.433
460	463	20.592	42.071	50.755	16.905	38.289	51.457
460	464	20.592	42.071	50.755	19.187	37.611	54.433
460	465	20.592	42.071	50.755	16.328	38.267	56.865
461	464	18.979	42.919	54.105	19.187	37.611	54.433
461	465	18.979	42.919	54.105	16.328	38.267	56.865
461	466	18.979	42.919	54.105	14.362	35.616	55.013
462	465	15.626	41.52	52.984	16.328	38.267	56.865
462	466	15.626	41.52	52.984	14.362	35.616	55.013
462	467	15.626	41.52	52.984	17.214	33.126	54.503
463	466	16.905	38.289	51.457	14.362	35.616	55.013
463	467	16.905	38.289	51.457	17.214	33.126	54.503
463	468	16.905	38.289	51.457	19.837	33.545	57.254
464	467	19.187	37.611	54.433	17.214	33.126	54.503
464	468	19.187	37.611	54.433	19.837	33.545	57.254
464	469	19.187	37.611	54.433	21.941	31.317	55.005
465	468	16.328	38.267	56.865	19.837	33.545	57.254
465	539	16.328	38.267	56.865	14.43	32.359	60.802
467	542	17.214	33.126	54.503	17.591	27.971	54.495
467	543	17.214	33.126	54.503	20.807	26.06	53.802
468	539	19.837	33.545	57.254	14.43	32.359	60.802
468	541	19.837	33.545	57.254	19.046	28.95	57.895
468	542	19.837	33.545	57.254	17.591	27.971	54.495
469	542	21.941	31.317	55.005	17.591	27.971	54.495
469	543	21.941	31.317	55.005	20.807	26.06	53.802
469	645	21.941	31.317	55.005	24.373	24.155	49.117
470	541	25.143	29.88	56.45	19.046	28.95	57.895
470	543	25.143	29.88	56.45	20.807	26.06	53.802
470	544	25.143	29.88	56.45	23.742	25.2	56.063
471	546	27.841	27.88	54.736	29.051	23.48	51.558
472	525	29.757	25.641	57.086	24.978	21.882	62.141
472	544	29.757	25.641	57.086	23.742	25.2	56.063
472	545	29.757	25.641	57.086	26.632	23.366	54.484
472	546	29.757	25.641	57.086	29.051	23.48	51.558
473	546	32.563	24.222	54.967	29.051	23.48	51.558
473	548	32.563	24.222	54.967	35.099	25.331	49.535
474	477	34.519	21.04	55.491	38.534	16.179	53.519
474	480	34.519	21.04	55.491	40.432	13.173	57.156
474	518	34.519	21.04	55.491	29.519	13.246	57.28
474	546	34.519	21.04	55.491	29.051	23.48	51.558
474	548	34.519	21.04	55.491	35.099	25.331	49.535
474	638	34.519	21.04	55.491	29.68	15.257	49.239
474	642	34.519	21.04	55.491	27.028	16.548	53.156
475	550	38.155	21.185	54.424	39.947	27.749	50.305
475	562	38.155	21.185	54.424	38.308	21.424	50.363
476	479	41.073	18.776	54.653	43.317	13.843	54.782
476	480	41.073	18.776	54.653	40.432	13.173	57.156
476	481	41.073	18.776	54.653	39.038	10.253	55.132
476	560	41.073	18.776	54.653	44.23	19.431	51.885
477	480	38.534	16.179	53.519	40.432	13.173	57.156
477	481	38.534	16.179	53.519	39.038	10.253	55.132
477	482	38.534	16.179	53.519	42.304	8.558	54.13
477	547	38.534	16.179	53.519	32.596	22.639	50.485
477	560	38.534	16.179	53.519	44.23	19.431	51.885
477	562	38.534	16.179	53.519	38.308	21.424	50.363
477	563	38.534	16.179	53.519	37.778	18.033	48.733
477	638	38.534	16.179	53.519	29.68	15.257	49.239
478	481	40.939	13.836	51.777	39.038	10.253	55.132
478	482	40.939	13.836	51.777	42.304	8.558	54.13
478	483	40.939	13.836	51.777	43.442	8.556	57.737
478	489	40.939	13.836	51.777	35.633	7.458	49.818
478	560	40.939	13.836	51.777	44.23	19.431	51.885
478	562	40.939	13.836	51.777	38.308	21.424	50.363
478	563	40.939	13.836	51.777	37.778	18.033	48.733
478	564	40.939	13.836	51.777	40.877	18.349	46.518
478	565	40.939	13.836	51.777	43.663	15.753	46.544
478	634	40.939	13.836	51.777	33.838	12.229	45.046
479	482	43.317	13.843	54.782	42.304	8.558	54.13
479	483	43.317	13.843	54.782	43.442	8.556	57.737
479	484	43.317	13.843	54.782	40.153	7.598	59.347
479	560	43.317	13.843	54.782	44.23	19.431	51.885
479	566	43.317	13.843	54.782	47.308	16.608	47.166
479	613	43.317	13.843	54.782	49.121	13.106	55.325
480	483	40.432	13.173	57.156	43.442	8.556	57.737
480	484	40.432	13.173	57.156	40.153	7.598	59.347
480	485	40.432	13.173	57.156	39.16	5.087	56.636
480	517	40.432	13.173	57.156	30.52	10.432	59.655
480	518	40.432	13.173	57.156	29.519	13.246	57.28
480	521	40.432	13.173	57.156	28.176	16.399	61.187
480	560	40.432	13.173	57.156	44.23	19.431	51.885
481	485	39.038	10.253	55.132	39.16	5.087	56.636
481	486	39.038	10.253	55.132	42.47	3.833	55.289
481	487	39.038	10.253	55.132	41.171	4.398	51.764
481	489	39.038	10.253	55.132	35.633	7.458	49.818
481	517	39.038	10.253	55.132	30.52	10.432	59.655
482	485	42.304	8.558	54.13	39.16	5.087	56.636
482	486	42.304	8.558	54.13	42.47	3.833	55.289
482	617	42.304	8.558	54.13	49.544	4.813	52.347
482	619	42.304	8.558	54.13	45.64	4.343	48.973
482	620	42.304	8.558	54.13	47.257	7.773	48.827
483	486	43.442	8.556	57.737	42.47	3.833	55.289
484	517	40.153	7.598	59.347	30.52	10.432	59.655
485	511	39.16	5.087	56.636	32.742	3.547	51.746
485	513	39.16	5.087	56.636	31.545	4.499	56.855
485	514	39.16	5.087	56.636	32.021	7.92	55.215
485	517	39.16	5.087	56.636	30.52	10.432	59.655
486	617	42.47	3.833	55.289	49.544	4.813	52.347
486	619	42.47	3.833	55.289	45.64	4.343	48.973
487	491	41.171	4.398	51.764	36.391	2.189	46.925
487	511	41.171	4.398	51.764	32.742	3.547	51.746
487	513	41.171	4.398	51.764	31.545	4.499	56.855
487	619	41.171	4.398	51.764	45.64	4.343	48.973
488	511	39.404	6.925	49.533	32.742	3.547	51.746
488	565	39.404	6.925	49.533	43.663	15.753	46.544
488	619	39.404	6.925	49.533	45.64	4.343	48.973
488	621	39.404	6.925	49.533	46.33	9.463	45.563
488	630	39.404	6.925	49.533	36.644	9.253	40.534
489	510	35.633	7.458	49.818	31.261	4.548	48.428
489	511	35.633	7.458	49.818	32.742	3.547	51.746
489	514	35.633	7.458	49.818	32.021	7.92	55.215
489	634	35.633	7.458	49.818	33.838	12.229	45.046
489	637	35.633	7.458	49.818	29.306	11.982	47.352
490	493	35.357	5.828	46.393	32.999	1.018	40.583
490	508	35.357	5.828	46.393	30.961	4.458	42.185
490	510	35.357	5.828	46.393	31.261	4.548	48.428
490	630	35.357	5.828	46.393	36.644	9.253	40.534
490	633	35.357	5.828	46.393	32.066	10.541	42.142
490	634	35.357	5.828	46.393	33.838	12.229	45.046
491	509	36.391	2.189	46.925	30.908	2.359	45.353
491	511	36.391	2.189	46.925	32.742	3.547	51.746
492	509	35.578	1.145	43.366	30.908	2.359	45.353
493	506	32.999	1.018	40.583	30.2	2.765	35.781
493	507	32.999	1.018	40.583	28.762	3.862	39.113
493	508	32.999	1.018	40.583	30.961	4.458	42.185
493	509	32.999	1.018	40.583	30.908	2.359	45.353
493	629	32.999	1.018	40.583	35.576	9.473	36.895
494	507	30.191	-1.412	39.746	28.762	3.862	39.113
495	506	28.228	-1.82	36.49	30.2	2.765	35.781
495	507	28.228	-1.82	36.49	28.762	3.862	39.113
496	505	24.827	-0.176	36.047	27.71	3.149	32.952
496	507	24.827	-0.176	36.047	28.762	3.862	39.113
497	502	22.655	1.773	33.615	19.398	2.778	30.25
497	503	22.655	1.773	33.615	22.908	3.454	28.949
497	504	22.655	1.773	33.615	25.471	1.173	30.592
497	505	22.655	1.773	33.615	27.71	3.149	32.952
498	501	21.438	5.351	33.159	18.443	6.126	28.703
498	502	21.438	5.351	33.159	19.398	2.778	30.25
498	503	21.438	5.351	33.159	22.908	3.454	28.949
498	669	21.438	5.351	33.159	23.07	15.548	35.47
499	502	18.07	5.855	34.941	19.398	2.778	30.25
499	670	18.07	5.855	34.941	20.792	14.539	38.343
500	669	16.558	7.323	31.772	23.07	15.548	35.47
500	670	16.558	7.323	31.772	20.792	14.539	38.343
501	669	18.443	6.126	28.703	23.07	15.548	35.47
503	666	22.908	3.454	28.949	25.671	13.633	31.382
505	667	27.71	3.149	32.952	26.037	10.876	33.958
506	667	30.2	2.765	35.781	26.037	10.876	33.958
508	633	30.961	4.458	42.185	32.066	10.541	42.142
510	633	31.261	4.548	48.428	32.066	10.541	42.142
510	637	31.261	4.548	48.428	29.306	11.982	47.352
510	641	31.261	4.548	48.428	25.418	13.306	51.898
511	514	32.742	3.547	51.746	32.021	7.92	55.215
511	515	32.742	3.547	51.746	28.27	8.439	54.863
512	515	29.532	3.416	53.806	28.27	8.439	54.863
512	516	29.532	3.416	53.806	27.694	8.136	58.598
513	516	31.545	4.499	56.855	27.694	8.136	58.598
513	517	31.545	4.499	56.855	30.52	10.432	59.655
513	518	31.545	4.499	56.855	29.519	13.246	57.28
514	517	32.021	7.92	55.215	30.52	10.432	59.655
514	518	32.021	7.92	55.215	29.519	13.246	57.28
514	519	32.021	7.92	55.215	25.808	12.74	57.929
514	637	32.021	7.92	55.215	29.306	11.982	47.352
515	518	28.27	8.439	54.863	29.519	13.246	57.28
515	519	28.27	8.439	54.863	25.808	12.74	57.929
515	520	28.27	8.439	54.863	26.236	13.197	61.703
515	637	28.27	8.439	54.863	29.306	11.982	47.352
515	641	28.27	8.439	54.863	25.418	13.306	51.898
516	519	27.694	8.136	58.598	25.808	12.74	57.929
516	520	27.694	8.136	58.598	26.236	13.197	61.703
516	521	27.694	8.136	58.598	28.176	16.399	61.187
517	520	30.52	10.432	59.655	26.236	13.197	61.703
517	521	30.52	10.432	59.655	28.176	16.399	61.187
517	522	30.52	10.432	59.655	25.458	17.749	58.883
518	521	29.519	13.246	57.28	28.176	16.399	61.187
518	522	29.519	13.246	57.28	25.458	17.749	58.883
518	523	29.519	13.246	57.28	22.743	16.962	61.392
518	641	29.519	13.246	57.28	25.418	13.306	51.898
519	522	25.808	12.74	57.929	25.458	17.749	58.883
519	523	25.808	12.74	57.929	22.743	16.962	61.392
519	524	25.808	12.74	57.929	24.911	18.612	64.078
520	523	26.236	13.197	61.703	22.743	16.962	61.392
520	524	26.236	13.197	61.703	24.911	18.612	64.078
520	525	26.236	13.197	61.703	24.978	21.882	62.141
521	524	28.176	16.399	61.187	24.911	18.612	64.078
521	525	28.176	16.399	61.187	24.978	21.882	62.141
521	526	28.176	16.399	61.187	21.213	21.723	61.553
521	642	28.176	16.399	61.187	27.028	16.548	53.156
522	525	25.458	17.749	58.883	24.978	21.882	62.141
522	526	25.458	17.749	58.883	21.213	21.723	61.553
522	527	25.458	17.749	58.883	20.46	21.06	65.239
522	544	25.458	17.749	58.883	23.742	25.2	56.063
522	545	25.458	17.749	58.883	26.632	23.366	54.484
522	642	25.458	17.749	58.883	27.028	16.548	53.156
522	644	25.458	17.749	58.883	22.853	21.242	51.042
523	526	22.743	16.962	61.392	21.213	21.723	61.553
523	527	22.743	16.962	61.392	20.46	21.06	65.239
523	528	22.743	16.962	61.392	22.833	23.842	66.241
524	527	24.911	18.612	64.078	20.46	21.06	65.239
524	528	24.911	18.612	64.078	22.833	23.842	66.241
524	529	24.911	18.612	64.078	21.053	26.22	63.842
525	528	24.978	21.882	62.141	22.833	23.842	66.241
525	529	24.978	21.882	62.141	21.053	26.22	63.842
525	530	24.978	21.882	62.141	17.566	25.149	64.945
525	544	24.978	21.882	62.141	23.742	25.2	56.063
526	529	21.213	21.723	61.553	21.053	26.22	63.842
526	530	21.213	21.723	61.553	17.566	25.149	64.945
526	531	21.213	21.723	61.553	18.258	25.778	68.635
526	544	21.213	21.723	61.553	23.742	25.2	56.063
527	530	20.46	21.06	65.239	17.566	25.149	64.945
527	531	20.46	21.06	65.239	18.258	25.778	68.635
527	532	20.46	21.06	65.239	20.112	29.07	68.063
528	531	22.833	23.842	66.241	18.258	25.778	68.635
528	532	22.833	23.842	66.241	20.112	29.07	68.063
528	533	22.833	23.842	66.241	17.331	30.269	65.773
529	532	21.053	26.22	63.842	20.112	29.07	68.063
529	533	21.053	26.22	63.842	17.331	30.269	65.773
529	534	21.053	26.22	63.842	14.858	29.676	68.596
529	541	21.053	26.22	63.842	19.046	28.95	57.895
529	544	21.053	26.22	63.842	23.742	25.2	56.063
530	533	17.566	25.149	64.945	17.331	30.269	65.773
530	534	17.566	25.149	64.945	14.858	29.676	68.596
530	535	17.566	25.149	64.945	16.969	31.524	71.177
531	534	18.258	25.778	68.635	14.858	29.676	68.596
531	535	18.258	25.778	68.635	16.969	31.524	71.177
531	536	18.258	25.778	68.635	17.458	34.515	68.877
532	536	20.112	29.07	68.063	17.458	34.515	68.877
532	537	20.112	29.07	68.063	13.947	34.326	67.485
533	536	17.331	30.269	65.773	17.458	34.515	68.877
533	537	17.331	30.269	65.773	13.947	34.326	67.485
533	538	17.331	30.269	65.773	15.011	34.588	63.825
533	540	17.331	30.269	65.773	16.303	29.07	60.548
533	541	17.331	30.269	65.773	19.046	28.95	57.895
534	537	14.858	29.676	68.596	13.947	34.326	67.485
534	538	14.858	29.676	68.596	15.011	34.588	63.825
541	544	19.046	28.95	57.895	23.742	25.2	56.063
543	644	20.807	26.06	53.802	22.853	21.242	51.042
543	645	20.807	26.06	53.802	24.373	24.155	49.117
544	644	23.742	25.2	56.063	22.853	21.242	51.042
544	645	23.742	25.2	56.063	24.373	24.155	49.117
545	642	26.632	23.366	54.484	27.028	16.548	53.156
545	643	26.632	23.366	54.484	26.367	19.858	51.378
545	644	26.632	23.366	54.484	22.853	21.242	51.042
545	645	26.632	23.366	54.484	24.373	24.155	49.117
545	646	26.632	23.366	54.484	26.876	23.26	46.411
546	645	29.051	23.48	51.558	24.373	24.155	49.117
546	646	29.051	23.48	51.558	26.876	23.26	46.411
546	648	29.051	23.48	51.558	33.211	23.673	44.907
547	642	32.596	22.639	50.485	27.028	16.548	53.156
547	646	32.596	22.639	50.485	26.876	23.26	46.411
547	647	32.596	22.639	50.485	30.307	21.631	46.225
547	648	32.596	22.639	50.485	33.211	23.673	44.907
549	564	38.675	24.718	48.355	40.877	18.349	46.518
549	648	38.675	24.718	48.355	33.211	23.673	44.907
550	553	39.947	27.749	50.305	43.39	29.397	54.872
550	554	39.947	27.749	50.305	43.983	25.689	54.259
550	555	39.947	27.749	50.305	47.701	26.55	54.057
551	554	43.615	27.612	49.422	43.983	25.689	54.259
551	555	43.615	27.612	49.422	47.701	26.55	54.057
551	556	43.615	27.612	49.422	47.575	27.984	57.584
552	555	45.123	30.331	51.604	47.701	26.55	54.057
552	556	45.123	30.331	51.604	47.575	27.984	57.584
553	556	43.39	29.397	54.872	47.575	27.984	57.584
553	557	43.39	29.397	54.872	46.853	24.487	58.914
554	557	43.983	25.689	54.259	46.853	24.487	58.914
554	559	43.983	25.689	54.259	45.332	20.776	55.278
554	561	43.983	25.689	54.259	42.035	22.11	50.244
555	558	47.701	26.55	54.057	48.59	22.522	56.175
555	559	47.701	26.55	54.057	45.332	20.776	55.278
560	566	44.23	19.431	51.885	47.308	16.608	47.166
561	564	42.035	22.11	50.244	40.877	18.349	46.518
563	634	37.778	18.033	48.733	33.838	12.229	45.046
563	635	37.778	18.033	48.733	32.149	15.584	44.427
563	638	37.778	18.033	48.733	29.68	15.257	49.239
563	647	37.778	18.033	48.733	30.307	21.631	46.225
563	648	37.778	18.033	48.733	33.211	23.673	44.907
563	649	37.778	18.033	48.733	36.034	21.738	43.315
564	649	40.877	18.349	46.518	36.034	21.738	43.315
564	650	40.877	18.349	46.518	38.065	21.847	40.132
565	623	43.663	15.753	46.544	45.831	14.917	41.971
565	626	43.663	15.753	46.544	43.144	10.483	40.259
566	612	47.308	16.608	47.166	51.235	15.045	52.855
566	613	47.308	16.608	47.166	49.121	13.106	55.325
566	620	47.308	16.608	47.166	47.257	7.773	48.827
566	621	47.308	16.608	47.166	46.33	9.463	45.563
566	623	47.308	16.608	47.166	45.831	14.917	41.971
566	624	47.308	16.608	47.166	47.642	13.954	38.792
567	571	49.567	17.628	44.306	57.087	17.909	47.607
567	622	49.567	17.628	44.306	47.987	12.521	44.025
567	623	49.567	17.628	44.306	45.831	14.917	41.971
567	624	49.567	17.628	44.306	47.642	13.954	38.792
567	690	49.567	17.628	44.306	55.381	22.447	43.676
567	692	49.567	17.628	44.306	57.653	16.307	43.761
568	571	52.05	15.037	45.596	57.087	17.909	47.607
568	612	52.05	15.037	45.596	51.235	15.045	52.855
568	620	52.05	15.037	45.596	47.257	7.773	48.827
569	612	53.046	12.844	48.577	51.235	15.045	52.855
569	615	53.046	12.844	48.577	51.951	9.952	52.106
569	620	53.046	12.844	48.577	47.257	7.773	48.827
570	611	56.414	14.51	49.129	54.899	15.699	53.536
570	615	56.414	14.51	49.129	51.951	9.952	52.106
570	693	56.414	14.51	49.129	60.412	14.412	45.616
570	694	56.414	14.51	49.129	60.863	10.961	47.172
570	695	56.414	14.51	49.129	60.617	10.278	50.904
570	698	56.414	14.51	49.129	62.154	14.97	51.937
571	610	57.087	17.909	47.607	56.3	19.134	52.779
571	691	57.087	17.909	47.607	58.185	19.996	42.911
571	692	57.087	17.909	47.607	57.653	16.307	43.761
571	693	57.087	17.909	47.607	60.412	14.412	45.616
572	607	59.265	20.985	47.716	61.823	26.109	49.498
572	609	59.265	20.985	47.716	59.809	20.553	52.213
572	691	59.265	20.985	47.716	58.185	19.996	42.911
572	693	59.265	20.985	47.716	60.412	14.412	45.616
572	701	59.265	20.985	47.716	65.757	18.467	53.248
573	608	56.808	23.87	47.816	59.55	24.361	52.021
573	610	56.808	23.87	47.816	56.3	19.134	52.779
573	690	56.808	23.87	47.816	55.381	22.447	43.676
574	595	58.138	27.259	46.759	67.011	31.28	45.167
574	605	58.138	27.259	46.759	61.842	31.784	46.259
574	607	58.138	27.259	46.759	61.823	26.109	49.498
574	687	58.138	27.259	46.759	61.279	26.351	38.821
574	688	58.138	27.259	46.759	58.051	24.617	39.886
574	689	58.138	27.259	46.759	55.955	26.097	42.726
574	691	58.138	27.259	46.759	58.185	19.996	42.911
575	606	56.805	30.463	48.3	61.999	29.919	49.549
575	608	56.805	30.463	48.3	59.55	24.361	52.021
576	597	57.712	33.73	46.592	62.785	33.714	41.322
576	599	57.712	33.73	46.592	59.538	34.458	36.762
576	603	57.712	33.73	46.592	61.707	38.264	44.088
576	605	57.712	33.73	46.592	61.842	31.784	46.259
577	581	58.749	36.811	48.565	60.346	41.197	52.803
577	583	58.749	36.811	48.565	60.625	37.535	56.831
577	584	58.749	36.811	48.565	63.514	36.536	54.549
577	587	58.749	36.811	48.565	63.835	32.147	56.954
577	603	58.749	36.811	48.565	61.707	38.264	44.088
577	604	58.749	36.811	48.565	63.115	35.35	46.128
577	606	58.749	36.811	48.565	61.999	29.919	49.549
577	608	58.749	36.811	48.565	59.55	24.361	52.021
578	581	59.707	40.352	47.62	60.346	41.197	52.803
578	604	59.707	40.352	47.62	63.115	35.35	46.128
579	584	63.475	40.65	48.108	63.514	36.536	54.549
579	602	63.475	40.65	48.108	63.348	41.341	42.58
579	603	63.475	40.65	48.108	61.707	38.264	44.088
580	602	62.784	43.301	50.78	63.348	41.341	42.58
581	584	60.346	41.197	52.803	63.514	36.536	54.549
582	585	61.122	41.307	56.572	66.367	37.042	56.984
582	586	61.122	41.307	56.572	64.541	34.882	59.515
582	713	61.122	41.307	56.572	61.625	36.39	63.522
582	723	61.122	41.307	56.572	62.86	45.303	60.613
583	586	60.625	37.535	56.831	64.541	34.882	59.515
583	587	60.625	37.535	56.831	63.835	32.147	56.954
583	588	60.625	37.535	56.831	67.449	32.18	55.756
583	713	60.625	37.535	56.831	61.625	36.39	63.522
584	587	63.514	36.536	54.549	63.835	32.147	56.954
584	588	63.514	36.536	54.549	67.449	32.18	55.756
584	589	63.514	36.536	54.549	68.632	31.99	59.382
584	604	63.514	36.536	54.549	63.115	35.35	46.128
584	606	63.514	36.536	54.549	61.999	29.919	49.549
585	588	66.367	37.042	56.984	67.449	32.18	55.756
585	589	66.367	37.042	56.984	68.632	31.99	59.382
585	590	66.367	37.042	56.984	66.484	28.877	59.905
585	716	66.367	37.042	56.984	65.498	39.519	65.155
586	589	64.541	34.882	59.515	68.632	31.99	59.382
586	590	64.541	34.882	59.515	66.484	28.877	59.905
586	709	64.541	34.882	59.515	61.021	30.813	62.022
586	712	64.541	34.882	59.515	63.74	33.668	65.127
586	713	64.541	34.882	59.515	61.625	36.39	63.522
586	716	64.541	34.882	59.515	65.498	39.519	65.155
587	590	63.835	32.147	56.954	66.484	28.877	59.905
587	592	63.835	32.147	56.954	65.428	27.187	54.358
587	608	63.835	32.147	56.954	59.55	24.361	52.021
587	709	63.835	32.147	56.954	61.021	30.813	62.022
588	591	67.449	32.18	55.756	68.011	26.761	57.13
588	592	67.449	32.18	55.756	65.428	27.187	54.358
588	594	67.449	32.18	55.756	66.372	30.154	48.75
589	712	68.632	31.99	59.382	63.74	33.668	65.127
590	706	66.484	28.877	59.905	66.345	23.194	62.394
590	707	66.484	28.877	59.905	65.283	26.748	63.168
590	708	66.484	28.877	59.905	61.85	27.932	64.335
590	709	66.484	28.877	59.905	61.021	30.813	62.022
590	712	66.484	28.877	59.905	63.74	33.668	65.127
592	606	65.428	27.187	54.358	61.999	29.919	49.549
592	608	65.428	27.187	54.358	59.55	24.361	52.021
592	705	65.428	27.187	54.358	65.536	23.217	58.702
592	709	65.428	27.187	54.358	61.021	30.813	62.022
593	607	66.899	27.025	50.856	61.823	26.109	49.498
593	701	66.899	27.025	50.856	65.757	18.467	53.248
593	704	66.899	27.025	50.856	68.234	21.188	57.011
594	604	66.372	30.154	48.75	63.115	35.35	46.128
594	606	66.372	30.154	48.75	61.999	29.919	49.549
595	605	67.011	31.28	45.167	61.842	31.784	46.259
595	687	67.011	31.28	45.167	61.279	26.351	38.821
596	605	66.192	34.249	42.966	61.842	31.784	46.259
597	600	62.785	33.714	41.322	59.451	37.772	38.621
597	603	62.785	33.714	41.322	61.707	38.264	44.088
597	605	62.785	33.714	41.322	61.842	31.784	46.259
597	687	62.785	33.714	41.322	61.279	26.351	38.821
598	687	63.142	33.485	37.529	61.279	26.351	38.821
599	686	59.538	34.458	36.762	61.833	24.809	35.372
599	687	59.538	34.458	36.762	61.279	26.351	38.821
600	603	59.451	37.772	38.621	61.707	38.264	44.088
605	687	61.842	31.784	46.259	61.279	26.351	38.821
607	701	61.823	26.109	49.498	65.757	18.467	53.248
609	698	59.809	20.553	52.213	62.154	14.97	51.937
609	701	59.809	20.553	52.213	65.757	18.467	53.248
609	705	59.809	20.553	52.213	65.536	23.217	58.702
610	698	56.3	19.134	52.779	62.154	14.97	51.937
611	615	54.899	15.699	53.536	51.951	9.952	52.106
611	616	54.899	15.699	53.536	53.012	6.33	52.629
611	698	54.899	15.699	53.536	62.154	14.97	51.937
612	615	51.235	15.045	52.855	51.951	9.952	52.106
612	616	51.235	15.045	52.855	53.012	6.33	52.629
612	620	51.235	15.045	52.855	47.257	7.773	48.827
614	617	48.989	9.435	54.422	49.544	4.813	52.347
614	620	48.989	9.435	54.422	47.257	7.773	48.827
616	695	53.012	6.33	52.629	60.617	10.278	50.904
617	620	49.544	4.813	52.347	47.257	7.773	48.827
621	626	46.33	9.463	45.563	43.144	10.483	40.259
622	625	47.987	12.521	44.025	46.808	10.271	39.214
622	626	47.987	12.521	44.025	43.144	10.483	40.259
623	626	45.831	14.917	41.971	43.144	10.483	40.259
623	680	45.831	14.917	41.971	45.358	18.879	33.994
624	654	47.642	13.954	38.792	44.577	14.44	31.366
626	630	43.144	10.483	40.259	36.644	9.253	40.534
626	631	43.144	10.483	40.259	36.755	13.025	40.981
627	630	40.85	9.533	37.387	36.644	9.253	40.534
627	631	40.85	9.533	37.387	36.755	13.025	40.981
627	632	40.85	9.533	37.387	33.146	13.328	39.759
628	631	38.294	12.048	36.162	36.755	13.025	40.981
628	632	38.294	12.048	36.162	33.146	13.328	39.759
628	633	38.294	12.048	36.162	32.066	10.541	42.142
628	651	38.294	12.048	36.162	37.993	18.503	38.369
628	653	38.294	12.048	36.162	41.831	15.581	33.741
628	657	38.294	12.048	36.162	40.59	11.599	29.528
628	660	38.294	12.048	36.162	35.12	11.268	29.101
628	661	38.294	12.048	36.162	34.107	14.854	29.903
628	664	38.294	12.048	36.162	30.508	12.246	32.953
629	632	35.576	9.473	36.895	33.146	13.328	39.759
629	633	35.576	9.473	36.895	32.066	10.541	42.142
629	634	35.576	9.473	36.895	33.838	12.229	45.046
629	657	35.576	9.473	36.895	40.59	11.599	29.528
629	660	35.576	9.473	36.895	35.12	11.268	29.101
630	633	36.644	9.253	40.534	32.066	10.541	42.142
630	634	36.644	9.253	40.534	33.838	12.229	45.046
630	635	36.644	9.253	40.534	32.149	15.584	44.427
631	634	36.755	13.025	40.981	33.838	12.229	45.046
631	635	36.755	13.025	40.981	32.149	15.584	44.427
631	636	36.755	13.025	40.981	28.823	13.751	44.03
631	651	36.755	13.025	40.981	37.993	18.503	38.369
631	652	36.755	13.025	40.981	41.302	18.112	36.516
632	635	33.146	13.328	39.759	32.149	15.584	44.427
632	636	33.146	13.328	39.759	28.823	13.751	44.03
632	637	33.146	13.328	39.759	29.306	11.982	47.352
632	651	33.146	13.328	39.759	37.993	18.503	38.369
632	664	33.146	13.328	39.759	30.508	12.246	32.953
632	665	33.146	13.328	39.759	28.66	15.556	32.731
632	668	33.146	13.328	39.759	25.766	13.265	36.897
632	677	33.146	13.328	39.759	36.672	21.231	34.953
633	636	32.066	10.541	42.142	28.823	13.751	44.03
633	637	32.066	10.541	42.142	29.306	11.982	47.352
633	638	32.066	10.541	42.142	29.68	15.257	49.239
634	637	33.838	12.229	45.046	29.306	11.982	47.352
634	638	33.838	12.229	45.046	29.68	15.257	49.239
634	639	33.838	12.229	45.046	26.762	16.838	47.361
635	638	32.149	15.584	44.427	29.68	15.257	49.239
635	639	32.149	15.584	44.427	26.762	16.838	47.361
635	640	32.149	15.584	44.427	24.604	13.816	48.208
635	647	32.149	15.584	44.427	30.307	21.631	46.225
635	649	32.149	15.584	44.427	36.034	21.738	43.315
635	651	32.149	15.584	44.427	37.993	18.503	38.369
635	672	32.149	15.584	44.427	25.722	18.069	40.371
635	674	32.149	15.584	44.427	27.649	23.185	39.577
636	639	28.823	13.751	44.03	26.762	16.838	47.361
636	640	28.823	13.751	44.03	24.604	13.816	48.208
636	641	28.823	13.751	44.03	25.418	13.306	51.898
636	668	28.823	13.751	44.03	25.766	13.265	36.897
636	671	28.823	13.751	44.03	23.311	15.235	41.121
637	640	29.306	11.982	47.352	24.604	13.816	48.208
637	641	29.306	11.982	47.352	25.418	13.306	51.898
637	642	29.306	11.982	47.352	27.028	16.548	53.156
638	641	29.68	15.257	49.239	25.418	13.306	51.898
638	642	29.68	15.257	49.239	27.028	16.548	53.156
638	643	29.68	15.257	49.239	26.367	19.858	51.378
638	647	29.68	15.257	49.239	30.307	21.631	46.225
639	642	26.762	16.838	47.361	27.028	16.548	53.156
639	643	26.762	16.838	47.361	26.367	19.858	51.378
639	646	26.762	16.838	47.361	26.876	23.26	46.411
639	647	26.762	16.838	47.361	30.307	21.631	46.225
639	673	26.762	16.838	47.361	24.571	21.607	41.138
643	647	26.367	19.858	51.378	30.307	21.631	46.225
645	673	24.373	24.155	49.117	24.571	21.607	41.138
647	674	30.307	21.631	46.225	27.649	23.185	39.577
649	676	36.034	21.738	43.315	34.177	23.252	36.993
650	678	38.065	21.847	40.132	40.212	22.081	33.869
651	676	37.993	18.503	38.369	34.177	23.252	36.993
651	677	37.993	18.503	38.369	36.672	21.231	34.953
651	678	37.993	18.503	38.369	40.212	22.081	33.869
652	680	41.302	18.112	36.516	45.358	18.879	33.994
653	657	41.831	15.581	33.741	40.59	11.599	29.528
653	661	41.831	15.581	33.741	34.107	14.854	29.903
653	677	41.831	15.581	33.741	36.672	21.231	34.953
653	678	41.831	15.581	33.741	40.212	22.081	33.869
653	679	41.831	15.581	33.741	42.684	20.232	31.649
653	680	41.831	15.581	33.741	45.358	18.879	33.994
654	657	44.577	14.44	31.366	40.59	11.599	29.528
654	658	44.577	14.44	31.366	39.0	14.398	27.522
654	680	44.577	14.44	31.366	45.358	18.879	33.994
655	658	44.058	14.964	27.634	39.0	14.398	27.522
655	659	44.058	14.964	27.634	36.917	11.734	25.797
656	659	43.721	11.181	27.385	36.917	11.734	25.797
657	660	40.59	11.599	29.528	35.12	11.268	29.101
657	661	40.59	11.599	29.528	34.107	14.854	29.903
658	661	39.0	14.398	27.522	34.107	14.854	29.903
658	662	39.0	14.398	27.522	30.804	14.888	27.998
659	662	36.917	11.734	25.797	30.804	14.888	27.998
659	663	36.917	11.734	25.797	29.959	11.402	29.3
660	663	35.12	11.268	29.101	29.959	11.402	29.3
660	664	35.12	11.268	29.101	30.508	12.246	32.953
660	665	35.12	11.268	29.101	28.66	15.556	32.731
661	664	34.107	14.854	29.903	30.508	12.246	32.953
661	665	34.107	14.854	29.903	28.66	15.556	32.731
661	666	34.107	14.854	29.903	25.671	13.633	31.382
661	677	34.107	14.854	29.903	36.672	21.231	34.953
662	665	30.804	14.888	27.998	28.66	15.556	32.731
662	666	30.804	14.888	27.998	25.671	13.633	31.382
662	667	30.804	14.888	27.998	26.037	10.876	33.958
663	666	29.959	11.402	29.3	25.671	13.633	31.382
663	667	29.959	11.402	29.3	26.037	10.876	33.958
663	668	29.959	11.402	29.3	25.766	13.265	36.897
664	667	30.508	12.246	32.953	26.037	10.876	33.958
664	668	30.508	12.246	32.953	25.766	13.265	36.897
665	668	28.66	15.556	32.731	25.766	13.265	36.897
665	675	28.66	15.556	32.731	30.714	21.894	37.743
666	669	25.671	13.633	31.382	23.07	15.548	35.47
666	670	25.671	13.633	31.382	20.792	14.539	38.343
667	670	26.037	10.876	33.958	20.792	14.539	38.343
668	671	25.766	13.265	36.897	23.311	15.235	41.121
668	672	25.766	13.265	36.897	25.722	18.069	40.371
669	672	23.07	15.548	35.47	25.722	18.069	40.371
672	675	25.722	18.069	40.371	30.714	21.894	37.743
678	681	40.212	22.081	33.869	48.037	21.226	32.703
685	688	58.107	24.266	34.927	58.051	24.617	39.886
685	689	58.107	24.266	34.927	55.955	26.097	42.726
688	691	58.051	24.617	39.886	58.185	19.996	42.911
693	697	60.412	14.412	45.616	64.915	13.535	49.792
693	698	60.412	14.412	45.616	62.154	14.97	51.937
694	697	60.863	10.961	47.172	64.915	13.535	49.792
694	698	60.863	10.961	47.172	62.154	14.97	51.937
694	699	60.863	10.961	47.172	63.709	13.716	55.165
695	698	60.617	10.278	50.904	62.154	14.97	51.937
695	699	60.617	10.278	50.904	63.709	13.716	55.165
695	700	60.617	10.278	50.904	67.134	15.041	54.171
696	699	64.403	10.069	51.263	63.709	13.716	55.165
696	700	64.403	10.069	51.263	67.134	15.041	54.171
696	701	64.403	10.069	51.263	65.757	18.467	53.248
697	700	64.915	13.535	49.792	67.134	15.041	54.171
697	701	64.915	13.535	49.792	65.757	18.467	53.248
697	702	64.915	13.535	49.792	63.546	18.865	56.325
698	701	62.154	14.97	51.937	65.757	18.467	53.248
698	702	62.154	14.97	51.937	63.546	18.865	56.325
698	703	62.154	14.97	51.937	66.601	18.089	58.462
699	702	63.709	13.716	55.165	63.546	18.865	56.325
699	703	63.709	13.716	55.165	66.601	18.089	58.462
699	704	63.709	13.716	55.165	68.234	21.188	57.011
700	703	67.134	15.041	54.171	66.601	18.089	58.462
700	704	67.134	15.041	54.171	68.234	21.188	57.011
701	704	65.757	18.467	53.248	68.234	21.188	57.011
701	705	65.757	18.467	53.248	65.536	23.217	58.702
702	705	63.546	18.865	56.325	65.536	23.217	58.702
708	711	61.85	27.932	64.335	60.801	32.534	67.218
708	712	61.85	27.932	64.335	63.74	33.668	65.127
708	713	61.85	27.932	64.335	61.625	36.39	63.522
709	712	61.021	30.813	62.022	63.74	33.668	65.127
709	713	61.021	30.813	62.022	61.625	36.39	63.522
709	714	61.021	30.813	62.022	60.533	37.74	66.883
710	713	58.342	32.261	64.303	61.625	36.39	63.522
710	714	58.342	32.261	64.303	60.533	37.74	66.883
710	715	58.342	32.261	64.303	64.116	37.657	68.178
711	714	60.801	32.534	67.218	60.533	37.74	66.883
711	715	60.801	32.534	67.218	64.116	37.657	68.178
711	716	60.801	32.534	67.218	65.498	39.519	65.155
712	715	63.74	33.668	65.127	64.116	37.657	68.178
712	716	63.74	33.668	65.127	65.498	39.519	65.155
712	717	63.74	33.668	65.127	62.613	41.972	65.155
713	716	61.625	36.39	63.522	65.498	39.519	65.155
713	717	61.625	36.39	63.522	62.613	41.972	65.155
713	718	61.625	36.39	63.522	63.578	42.789	68.751
713	723	61.625	36.39	63.522	62.86	45.303	60.613
713	724	61.625	36.39	63.522	59.23	45.47	59.489
714	717	60.533	37.74	66.883	62.613	41.972	65.155
714	718	60.533	37.74	66.883	63.578	42.789	68.751
714	719	60.533	37.74	66.883	67.331	43.166	68.188
715	718	64.116	37.657	68.178	63.578	42.789	68.751
715	719	64.116	37.657	68.178	67.331	43.166	68.188
715	720	64.116	37.657	68.178	66.863	45.005	64.895
716	719	65.498	39.519	65.155	67.331	43.166	68.188
716	720	65.498	39.519	65.155	66.863	45.005	64.895
716	723	65.498	39.519	65.155	62.86	45.303	60.613
717	720	62.613	41.972	65.155	66.863	45.005	64.895
717	722	62.613	41.972	65.155	62.5	48.858	61.955
717	723	62.613	41.972	65.155	62.86	45.303	60.613
717	724	62.613	41.972	65.155	59.23	45.47	59.489
720	723	66.863	45.005	64.895	62.86	45.303	60.613
