source	target	X1	Y1	Z1	X2	Y2	Z2
97	169	12.653	-25.296	-26.802	9.577	-26.922	-32.219
97	170	12.653	-25.296	-26.802	13.348	-27.448	-31.99
98	160	11.82	-21.995	-25.035	10.692	-14.584	-29.958
98	162	11.82	-21.995	-25.035	8.996	-20.647	-32.225
98	213	11.82	-21.995	-25.035	17.398	-18.602	-31.195
99	267	8.819	-21.967	-22.707	5.025	-14.351	-20.288
100	162	5.531	-20.68	-24.079	8.996	-20.647	-32.225
100	252	5.531	-20.68	-24.079	3.922	-18.55	-32.103
100	254	5.531	-20.68	-24.079	6.348	-15.451	-27.232
100	267	5.531	-20.68	-24.079	5.025	-14.351	-20.288
101	267	3.782	-21.068	-20.715	5.025	-14.351	-20.288
102	268	1.528	-18.107	-19.914	2.343	-14.623	-22.951
102	269	1.528	-18.107	-19.914	2.053	-15.869	-26.521
103	106	2.489	-16.337	-16.702	3.5	-9.94	-10.059
103	109	2.489	-16.337	-16.702	1.043	-9.12	-17.416
103	264	2.489	-16.337	-16.702	11.402	-13.497	-15.766
103	265	2.489	-16.337	-16.702	8.489	-11.242	-14.779
103	266	2.489	-16.337	-16.702	5.751	-12.438	-17.104
103	267	2.489	-16.337	-16.702	5.025	-14.351	-20.288
103	268	2.489	-16.337	-16.702	2.343	-14.623	-22.951
104	107	0.888	-13.057	-15.623	2.618	-7.231	-12.525
104	108	0.888	-13.057	-15.623	-0.472	-8.959	-13.928
104	109	0.888	-13.057	-15.623	1.043	-9.12	-17.416
104	110	0.888	-13.057	-15.623	-1.362	-9.847	-20.256
105	108	3.203	-12.695	-12.636	-0.472	-8.959	-13.928
105	109	3.203	-12.695	-12.636	1.043	-9.12	-17.416
106	265	3.5	-9.94	-10.059	8.489	-11.242	-14.779
107	148	2.618	-7.231	-12.525	-2.067	-4.409	-13.153
107	149	2.618	-7.231	-12.525	0.981	-2.576	-11.784
107	150	2.618	-7.231	-12.525	3.922	-0.765	-13.402
107	151	2.618	-7.231	-12.525	7.145	-2.819	-13.557
107	152	2.618	-7.231	-12.525	10.354	-1.239	-12.081
107	265	2.618	-7.231	-12.525	8.489	-11.242	-14.779
108	148	-0.472	-8.959	-13.928	-2.067	-4.409	-13.153
109	145	1.043	-9.12	-17.416	1.178	-4.722	-23.053
109	255	1.043	-9.12	-17.416	6.419	-12.144	-25.401
109	257	1.043	-9.12	-17.416	8.529	-9.336	-19.575
109	266	1.043	-9.12	-17.416	5.751	-12.438	-17.104
109	268	1.043	-9.12	-17.416	2.343	-14.623	-22.951
110	146	-1.362	-9.847	-20.256	-1.33	-4.712	-20.191
110	148	-1.362	-9.847	-20.256	-2.067	-4.409	-13.153
111	143	-1.375	-9.077	-23.988	1.069	-5.52	-29.758
111	145	-1.375	-9.077	-23.988	1.178	-4.722	-23.053
111	146	-1.375	-9.077	-23.988	-1.33	-4.712	-20.191
111	255	-1.375	-9.077	-23.988	6.419	-12.144	-25.401
111	268	-1.375	-9.077	-23.988	2.343	-14.623	-22.951
111	270	-1.375	-9.077	-23.988	-0.062	-15.615	-29.659
112	144	-3.826	-7.061	-26.027	-0.243	-4.059	-26.512
113	126	-4.41	-6.081	-29.624	-6.056	-10.222	-34.298
113	133	-4.41	-6.081	-29.624	-2.549	-12.485	-35.379
113	144	-4.41	-6.081	-29.624	-0.243	-4.059	-26.512
113	270	-4.41	-6.081	-29.624	-0.062	-15.615	-29.659
114	126	-6.264	-3.353	-31.528	-6.056	-10.222	-34.298
114	142	-6.264	-3.353	-31.528	0.72	-3.17	-32.717
114	144	-6.264	-3.353	-31.528	-0.243	-4.059	-26.512
116	119	-9.02	-3.779	-36.143	-11.358	-5.172	-44.058
116	125	-9.02	-3.779	-36.143	-5.688	-8.008	-37.343
116	282	-9.02	-3.779	-36.143	-8.642	-14.336	-40.458
117	282	-11.634	-5.807	-38.0	-8.642	-14.336	-40.458
118	122	-10.956	-7.706	-41.213	-6.097	-4.036	-42.724
118	279	-10.956	-7.706	-41.213	-8.464	-9.837	-43.119
118	282	-10.956	-7.706	-41.213	-8.642	-14.336	-40.458
118	283	-10.956	-7.706	-41.213	-12.252	-14.75	-41.638
119	122	-11.358	-5.172	-44.058	-6.097	-4.036	-42.724
119	279	-11.358	-5.172	-44.058	-8.464	-9.837	-43.119
122	136	-6.097	-4.036	-42.724	1.439	-8.253	-43.675
122	279	-6.097	-4.036	-42.724	-8.464	-9.837	-43.119
123	136	-2.362	-4.36	-42.126	1.439	-8.253	-43.675
123	139	-2.362	-4.36	-42.126	4.022	-3.718	-41.972
123	140	-2.362	-4.36	-42.126	3.377	-2.276	-38.506
123	278	-2.362	-4.36	-42.126	-4.738	-10.674	-43.219
124	133	-2.669	-6.305	-38.902	-2.549	-12.485	-35.379
124	135	-2.669	-6.305	-38.902	-0.372	-9.484	-40.582
124	141	-2.669	-6.305	-38.902	2.017	-4.746	-35.94
124	142	-2.669	-6.305	-38.902	0.72	-3.17	-32.717
125	133	-5.688	-8.008	-37.343	-2.549	-12.485	-35.379
125	134	-5.688	-8.008	-37.343	-2.731	-12.087	-39.168
125	278	-5.688	-8.008	-37.343	-4.738	-10.674	-43.219
125	282	-5.688	-8.008	-37.343	-8.642	-14.336	-40.458
126	131	-6.056	-10.222	-34.298	-5.54	-16.258	-30.3
126	132	-6.056	-10.222	-34.298	-3.853	-15.547	-33.569
126	133	-6.056	-10.222	-34.298	-2.549	-12.485	-35.379
126	282	-6.056	-10.222	-34.298	-8.642	-14.336	-40.458
127	130	-8.461	-13.118	-33.878	-7.898	-18.335	-32.431
127	131	-8.461	-13.118	-33.878	-5.54	-16.258	-30.3
127	132	-8.461	-13.118	-33.878	-3.853	-15.547	-33.569
127	134	-8.461	-13.118	-33.878	-2.731	-12.087	-39.168
127	282	-8.461	-13.118	-33.878	-8.642	-14.336	-40.458
127	286	-8.461	-13.118	-33.878	-12.439	-18.626	-38.014
128	131	-9.514	-13.506	-30.211	-5.54	-16.258	-30.3
129	286	-11.115	-16.868	-31.041	-12.439	-18.626	-38.014
130	134	-7.898	-18.335	-32.431	-2.731	-12.087	-39.168
130	285	-7.898	-18.335	-32.431	-9.529	-19.614	-40.27
130	286	-7.898	-18.335	-32.431	-12.439	-18.626	-38.014
131	270	-5.54	-16.258	-30.3	-0.062	-15.615	-29.659
131	271	-5.54	-16.258	-30.3	-0.072	-17.399	-33.018
132	271	-3.853	-15.547	-33.569	-0.072	-17.399	-33.018
132	272	-3.853	-15.547	-33.569	1.016	-15.497	-36.146
132	273	-3.853	-15.547	-33.569	0.369	-15.808	-39.841
132	285	-3.853	-15.547	-33.569	-9.529	-19.614	-40.27
133	270	-2.549	-12.485	-35.379	-0.062	-15.615	-29.659
133	271	-2.549	-12.485	-35.379	-0.072	-17.399	-33.018
133	273	-2.549	-12.485	-35.379	0.369	-15.808	-39.841
134	273	-2.731	-12.087	-39.168	0.369	-15.808	-39.841
134	278	-2.731	-12.087	-39.168	-4.738	-10.674	-43.219
134	281	-2.731	-12.087	-39.168	-7.248	-15.184	-43.887
134	282	-2.731	-12.087	-39.168	-8.642	-14.336	-40.458
134	285	-2.731	-12.087	-39.168	-9.529	-19.614	-40.27
135	141	-0.372	-9.484	-40.582	2.017	-4.746	-35.94
135	236	-0.372	-9.484	-40.582	7.49	-9.649	-39.464
135	272	-0.372	-9.484	-40.582	1.016	-15.497	-36.146
135	273	-0.372	-9.484	-40.582	0.369	-15.808	-39.841
135	274	-0.372	-9.484	-40.582	2.312	-13.392	-42.018
135	275	-0.372	-9.484	-40.582	0.307	-13.117	-45.229
135	278	-0.372	-9.484	-40.582	-4.738	-10.674	-43.219
136	139	1.439	-8.253	-43.675	4.022	-3.718	-41.972
136	236	1.439	-8.253	-43.675	7.49	-9.649	-39.464
136	274	1.439	-8.253	-43.675	2.312	-13.392	-42.018
136	278	1.439	-8.253	-43.675	-4.738	-10.674	-43.219
137	179	5.189	-8.615	-44.217	14.472	-12.483	-47.666
137	237	5.189	-8.615	-44.217	9.978	-9.832	-42.311
137	238	5.189	-8.615	-44.217	8.973	-13.102	-43.972
137	239	5.189	-8.615	-44.217	5.68	-14.553	-45.168
137	274	5.189	-8.615	-44.217	2.312	-13.392	-42.018
137	275	5.189	-8.615	-44.217	0.307	-13.117	-45.229
138	235	7.177	-5.619	-42.917	7.328	-6.095	-38.143
138	236	7.177	-5.619	-42.917	7.49	-9.649	-39.464
138	237	7.177	-5.619	-42.917	9.978	-9.832	-42.311
139	235	4.022	-3.718	-41.972	7.328	-6.095	-38.143
139	236	4.022	-3.718	-41.972	7.49	-9.649	-39.464
140	198	3.377	-2.276	-38.506	9.93	-0.446	-35.625
140	233	3.377	-2.276	-38.506	5.248	-1.993	-33.152
141	198	2.017	-4.746	-35.94	9.93	-0.446	-35.625
141	233	2.017	-4.746	-35.94	5.248	-1.993	-33.152
141	234	2.017	-4.746	-35.94	6.568	-5.267	-34.499
141	235	2.017	-4.746	-35.94	7.328	-6.095	-38.143
141	236	2.017	-4.746	-35.94	7.49	-9.649	-39.464
142	231	0.72	-3.17	-32.717	2.219	-0.521	-27.518
143	232	1.069	-5.52	-29.758	5.141	-2.054	-29.36
143	234	1.069	-5.52	-29.758	6.568	-5.267	-34.499
143	270	1.069	-5.52	-29.758	-0.062	-15.615	-29.659
144	229	-0.243	-4.059	-26.512	-1.457	0.02	-22.233
145	157	1.178	-4.722	-23.053	10.177	-6.739	-23.228
145	220	1.178	-4.722	-23.053	9.455	-1.3	-21.32
145	229	1.178	-4.722	-23.053	-1.457	0.02	-22.233
145	230	1.178	-4.722	-23.053	1.993	0.133	-23.794
145	232	1.178	-4.722	-23.053	5.141	-2.054	-29.36
146	228	-1.33	-4.712	-20.191	-4.248	2.071	-20.686
146	229	-1.33	-4.712	-20.191	-1.457	0.02	-22.233
147	151	-0.254	-4.617	-16.532	7.145	-2.819	-13.557
147	228	-0.254	-4.617	-16.532	-4.248	2.071	-20.686
150	302	3.922	-0.765	-13.402			
151	155	7.145	-2.819	-13.557	12.261	-3.56	-17.402
151	220	7.145	-2.819	-13.557	9.455	-1.3	-21.32
151	257	7.145	-2.819	-13.557	8.529	-9.336	-19.575
152	155	10.354	-1.239	-12.081	12.261	-3.56	-17.402
153	260	12.727	0.955	-14.103	17.047	-5.348	-16.028
154	260	14.929	-1.039	-16.449	17.047	-5.348	-16.028
155	220	12.261	-3.56	-17.402	9.455	-1.3	-21.32
155	257	12.261	-3.56	-17.402	8.529	-9.336	-19.575
156	204	12.623	-5.051	-20.856	18.322	-4.817	-29.059
156	217	12.623	-5.051	-20.856	14.039	-6.726	-26.935
156	220	12.623	-5.051	-20.856	9.455	-1.3	-21.32
156	258	12.623	-5.051	-20.856	11.946	-9.384	-17.816
156	259	12.623	-5.051	-20.856	13.726	-7.094	-15.362
157	217	10.177	-6.739	-23.228	14.039	-6.726	-26.935
157	218	10.177	-6.739	-23.228	13.012	-3.146	-26.139
157	220	10.177	-6.739	-23.228	9.455	-1.3	-21.32
157	232	10.177	-6.739	-23.228	5.141	-2.054	-29.36
157	255	10.177	-6.739	-23.228	6.419	-12.144	-25.401
157	257	10.177	-6.739	-23.228	8.529	-9.336	-19.575
158	215	11.398	-9.621	-25.396	14.895	-12.519	-30.252
158	217	11.398	-9.621	-25.396	14.039	-6.726	-26.935
158	256	11.398	-9.621	-25.396	8.34	-12.084	-22.149
158	258	11.398	-9.621	-25.396	11.946	-9.384	-17.816
159	216	9.743	-11.235	-28.434	14.314	-8.768	-30.122
159	234	9.743	-11.235	-28.434	6.568	-5.267	-34.499
159	255	9.743	-11.235	-28.434	6.419	-12.144	-25.401
160	195	10.692	-14.584	-29.958	10.881	-10.135	-35.983
160	213	10.692	-14.584	-29.958	17.398	-18.602	-31.195
160	215	10.692	-14.584	-29.958	14.895	-12.519	-30.252
160	254	10.692	-14.584	-29.958	6.348	-15.451	-27.232
161	173	9.122	-16.869	-32.553	12.578	-19.802	-36.728
161	194	9.122	-16.869	-32.553	12.083	-12.668	-38.54
161	195	9.122	-16.869	-32.553	10.881	-10.135	-35.983
161	214	9.122	-16.869	-32.553	16.697	-15.07	-32.367
161	251	9.122	-16.869	-32.553	4.562	-20.089	-35.487
162	169	8.996	-20.647	-32.225	9.577	-26.922	-32.219
162	173	8.996	-20.647	-32.225	12.578	-19.802	-36.728
162	252	8.996	-20.647	-32.225	3.922	-18.55	-32.103
162	254	8.996	-20.647	-32.225	6.348	-15.451	-27.232
163	168	7.256	-23.236	-34.427	9.332	-28.415	-35.672
163	169	7.256	-23.236	-34.427	9.577	-26.922	-32.219
163	171	7.256	-23.236	-34.427	13.987	-25.855	-35.376
163	173	7.256	-23.236	-34.427	12.578	-19.802	-36.728
163	174	7.256	-23.236	-34.427	14.469	-17.693	-39.251
163	213	7.256	-23.236	-34.427	17.398	-18.602	-31.195
163	246	7.256	-23.236	-34.427	8.59	-21.074	-42.486
163	249	7.256	-23.236	-34.427	4.339	-23.88	-40.826
163	251	7.256	-23.236	-34.427	4.562	-20.089	-35.487
163	252	7.256	-23.236	-34.427	3.922	-18.55	-32.103
164	169	3.831	-24.231	-33.111	9.577	-26.922	-32.219
164	250	3.831	-24.231	-33.111	2.516	-21.947	-38.087
164	271	3.831	-24.231	-33.111	-0.072	-17.399	-33.018
165	168	3.933	-27.877	-34.171	9.332	-28.415	-35.672
165	169	3.933	-27.877	-34.171	9.577	-26.922	-32.219
165	249	3.933	-27.877	-34.171	4.339	-23.88	-40.826
165	250	3.933	-27.877	-34.171	2.516	-21.947	-38.087
166	169	5.831	-30.193	-31.854	9.577	-26.922	-32.219
166	170	5.831	-30.193	-31.854	13.348	-27.448	-31.99
168	171	9.332	-28.415	-35.672	13.987	-25.855	-35.376
168	249	9.332	-28.415	-35.672	4.339	-23.88	-40.826
171	249	13.987	-25.855	-35.376	4.339	-23.88	-40.826
172	212	15.027	-22.217	-35.11	20.874	-20.126	-31.54
172	213	15.027	-22.217	-35.11	17.398	-18.602	-31.195
173	194	12.578	-19.802	-36.728	12.083	-12.668	-38.54
173	213	12.578	-19.802	-36.728	17.398	-18.602	-31.195
173	214	12.578	-19.802	-36.728	16.697	-15.07	-32.367
174	214	14.469	-17.693	-39.251	16.697	-15.07	-32.367
175	179	13.984	-15.822	-42.526	14.472	-12.483	-47.666
175	180	13.984	-15.822	-42.526	17.62	-12.815	-45.549
175	184	13.984	-15.822	-42.526	15.787	-4.389	-46.5
175	192	13.984	-15.822	-42.526	18.239	-13.539	-40.497
175	193	13.984	-15.822	-42.526	15.8	-12.283	-37.844
175	237	13.984	-15.822	-42.526	9.978	-9.832	-42.311
175	238	13.984	-15.822	-42.526	8.973	-13.102	-43.972
176	179	14.081	-17.599	-45.876	14.472	-12.483	-47.666
176	180	14.081	-17.599	-45.876	17.62	-12.815	-45.549
176	181	14.081	-17.599	-45.876	19.481	-11.746	-48.697
176	238	14.081	-17.599	-45.876	8.973	-13.102	-43.972
176	242	14.081	-17.599	-45.876	7.948	-18.392	-47.79
176	243	14.081	-17.599	-45.876	10.021	-21.087	-49.43
176	244	14.081	-17.599	-45.876	13.208	-21.959	-47.58
176	301	14.081	-17.599	-45.876			
177	180	17.245	-17.319	-48.022	17.62	-12.815	-45.549
177	181	17.245	-17.319	-48.022	19.481	-11.746	-48.697
177	182	17.245	-17.319	-48.022	17.001	-8.952	-49.505
177	244	17.245	-17.319	-48.022	13.208	-21.959	-47.58
178	181	15.523	-14.891	-50.397	19.481	-11.746	-48.697
178	182	15.523	-14.891	-50.397	17.001	-8.952	-49.505
178	243	15.523	-14.891	-50.397	10.021	-21.087	-49.43
179	182	14.472	-12.483	-47.666	17.001	-8.952	-49.505
179	238	14.472	-12.483	-47.666	8.973	-13.102	-43.972
179	239	14.472	-12.483	-47.666	5.68	-14.553	-45.168
179	242	14.472	-12.483	-47.666	7.948	-18.392	-47.79
179	301	14.472	-12.483	-47.666			
180	191	17.62	-12.815	-45.549	19.202	-10.076	-41.786
182	185	17.001	-8.952	-49.505	18.28	-3.804	-43.66
184	196	15.787	-4.389	-46.5	11.951	-6.496	-35.875
185	188	18.28	-3.804	-43.66	20.06	-2.703	-36.519
186	189	17.615	-1.054	-41.113	18.299	-5.997	-37.158
186	196	17.615	-1.054	-41.113	11.951	-6.496	-35.875
188	203	20.06	-2.703	-36.519	15.941	-1.941	-29.825
188	205	20.06	-2.703	-36.519	18.797	-8.019	-31.053
189	196	18.299	-5.997	-37.158	11.951	-6.496	-35.875
189	205	18.299	-5.997	-37.158	18.797	-8.019	-31.053
190	193	20.344	-8.982	-38.305	15.8	-12.283	-37.844
190	205	20.344	-8.982	-38.305	18.797	-8.019	-31.053
192	214	18.239	-13.539	-40.497	16.697	-15.07	-32.367
193	205	15.8	-12.283	-37.844	18.797	-8.019	-31.053
193	206	15.8	-12.283	-37.844	20.105	-11.32	-29.702
193	207	15.8	-12.283	-37.844	21.44	-14.471	-31.282
193	214	15.8	-12.283	-37.844	16.697	-15.07	-32.367
193	215	15.8	-12.283	-37.844	14.895	-12.519	-30.252
193	237	15.8	-12.283	-37.844	9.978	-9.832	-42.311
194	214	12.083	-12.668	-38.54	16.697	-15.07	-32.367
194	236	12.083	-12.668	-38.54	7.49	-9.649	-39.464
194	237	12.083	-12.668	-38.54	9.978	-9.832	-42.311
194	238	12.083	-12.668	-38.54	8.973	-13.102	-43.972
194	246	12.083	-12.668	-38.54	8.59	-21.074	-42.486
194	251	12.083	-12.668	-38.54	4.562	-20.089	-35.487
195	216	10.881	-10.135	-35.983	14.314	-8.768	-30.122
195	234	10.881	-10.135	-35.983	6.568	-5.267	-34.499
195	236	10.881	-10.135	-35.983	7.49	-9.649	-39.464
195	253	10.881	-10.135	-35.983	5.34	-15.28	-30.889
196	235	11.951	-6.496	-35.875	7.328	-6.095	-38.143
196	237	11.951	-6.496	-35.875	9.978	-9.832	-42.311
197	200	10.73	-3.631	-33.735	12.485	2.359	-31.287
197	203	10.73	-3.631	-33.735	15.941	-1.941	-29.825
197	205	10.73	-3.631	-33.735	18.797	-8.019	-31.053
197	216	10.73	-3.631	-33.735	14.314	-8.768	-30.122
197	218	10.73	-3.631	-33.735	13.012	-3.146	-26.139
197	232	10.73	-3.631	-33.735	5.141	-2.054	-29.36
197	234	10.73	-3.631	-33.735	6.568	-5.267	-34.499
198	233	9.93	-0.446	-35.625	5.248	-1.993	-33.152
198	235	9.93	-0.446	-35.625	7.328	-6.095	-38.143
200	203	12.485	2.359	-31.287	15.941	-1.941	-29.825
200	218	12.485	2.359	-31.287	13.012	-3.146	-26.139
202	219	16.814	1.377	-28.173	12.842	-1.103	-22.944
202	221	16.814	1.377	-28.173	7.931	2.154	-21.127
203	216	15.941	-1.941	-29.825	14.314	-8.768	-30.122
203	218	15.941	-1.941	-29.825	13.012	-3.146	-26.139
204	217	18.322	-4.817	-29.059	14.039	-6.726	-26.935
205	216	18.797	-8.019	-31.053	14.314	-8.768	-30.122
206	215	20.105	-11.32	-29.702	14.895	-12.519	-30.252
208	211	21.45	-16.854	-28.325	20.223	-22.211	-28.412
208	212	21.45	-16.854	-28.325	20.874	-20.126	-31.54
208	213	21.45	-16.854	-28.325	17.398	-18.602	-31.195
209	212	24.995	-18.148	-27.829	20.874	-20.126	-31.54
218	232	13.012	-3.146	-26.139	5.141	-2.054	-29.36
221	230	7.931	2.154	-21.127	1.993	0.133	-23.794
222	302	4.753	3.084	-19.209			
223	228	1.446	3.524	-21.106	-4.248	2.071	-20.686
223	229	1.446	3.524	-21.106	-1.457	0.02	-22.233
223	302	1.446	3.524	-21.106			
224	227	1.32	6.555	-23.402	-3.999	4.455	-23.639
224	229	1.32	6.555	-23.402	-1.457	0.02	-22.233
234	255	6.568	-5.267	-34.499	6.419	-12.144	-25.401
236	272	7.49	-9.649	-39.464	1.016	-15.497	-36.146
236	274	7.49	-9.649	-39.464	2.312	-13.392	-42.018
237	301	9.978	-9.832	-42.311			
238	246	8.973	-13.102	-43.972	8.59	-21.074	-42.486
238	274	8.973	-13.102	-43.972	2.312	-13.392	-42.018
238	301	8.973	-13.102	-43.972			
239	242	5.68	-14.553	-45.168	7.948	-18.392	-47.79
239	246	5.68	-14.553	-45.168	8.59	-21.074	-42.486
239	247	5.68	-14.553	-45.168	7.062	-22.852	-45.505
239	274	5.68	-14.553	-45.168	2.312	-13.392	-42.018
239	301	5.68	-14.553	-45.168			
240	248	4.395	-17.741	-43.553	3.477	-22.427	-44.253
240	249	4.395	-17.741	-43.553	4.339	-23.88	-40.826
240	273	4.395	-17.741	-43.553	0.369	-15.808	-39.841
240	274	4.395	-17.741	-43.553	2.312	-13.392	-42.018
241	247	4.296	-19.206	-47.07	7.062	-22.852	-45.505
241	248	4.296	-19.206	-47.07	3.477	-22.427	-44.253
241	274	4.296	-19.206	-47.07	2.312	-13.392	-42.018
242	245	7.948	-18.392	-47.79	11.727	-20.356	-44.487
242	247	7.948	-18.392	-47.79	7.062	-22.852	-45.505
242	248	7.948	-18.392	-47.79	3.477	-22.427	-44.253
242	301	7.948	-18.392	-47.79			
243	247	10.021	-21.087	-49.43	7.062	-22.852	-45.505
244	247	13.208	-21.959	-47.58	7.062	-22.852	-45.505
246	249	8.59	-21.074	-42.486	4.339	-23.88	-40.826
246	251	8.59	-21.074	-42.486	4.562	-20.089	-35.487
251	272	4.562	-20.089	-35.487	1.016	-15.497	-36.146
252	270	3.922	-18.55	-32.103	-0.062	-15.615	-29.659
252	271	3.922	-18.55	-32.103	-0.072	-17.399	-33.018
253	270	5.34	-15.28	-30.889	-0.062	-15.615	-29.659
253	272	5.34	-15.28	-30.889	1.016	-15.497	-36.146
254	267	6.348	-15.451	-27.232	5.025	-14.351	-20.288
255	268	6.419	-12.144	-25.401	2.343	-14.623	-22.951
255	270	6.419	-12.144	-25.401	-0.062	-15.615	-29.659
256	264	8.34	-12.084	-22.149	11.402	-13.497	-15.766
256	267	8.34	-12.084	-22.149	5.025	-14.351	-20.288
257	265	8.529	-9.336	-19.575	8.489	-11.242	-14.779
257	266	8.529	-9.336	-19.575	5.751	-12.438	-17.104
258	265	11.946	-9.384	-17.816	8.489	-11.242	-14.779
259	262	13.726	-7.094	-15.362	17.319	-10.962	-16.676
259	263	13.726	-7.094	-15.362	14.705	-12.305	-14.257
259	265	13.726	-7.094	-15.362	8.489	-11.242	-14.779
264	267	11.402	-13.497	-15.766	5.025	-14.351	-20.288
275	281	0.307	-13.117	-45.229	-7.248	-15.184	-43.887
276	281	-0.824	-10.918	-48.124	-7.248	-15.184	-43.887
277	280	-4.468	-10.555	-47.046	-9.511	-12.595	-45.48
277	281	-4.468	-10.555	-47.046	-7.248	-15.184	-43.887
277	282	-4.468	-10.555	-47.046	-8.642	-14.336	-40.458
278	281	-4.738	-10.674	-43.219	-7.248	-15.184	-43.887
278	282	-4.738	-10.674	-43.219	-8.642	-14.336	-40.458
278	283	-4.738	-10.674	-43.219	-12.252	-14.75	-41.638
279	282	-8.464	-9.837	-43.119	-8.642	-14.336	-40.458
279	283	-8.464	-9.837	-43.119	-12.252	-14.75	-41.638
279	284	-8.464	-9.837	-43.119	-11.403	-18.116	-43.217
280	283	-9.511	-12.595	-45.48	-12.252	-14.75	-41.638
280	284	-9.511	-12.595	-45.48	-11.403	-18.116	-43.217
280	285	-9.511	-12.595	-45.48	-9.529	-19.614	-40.27
281	284	-7.248	-15.184	-43.887	-11.403	-18.116	-43.217
281	285	-7.248	-15.184	-43.887	-9.529	-19.614	-40.27
281	286	-7.248	-15.184	-43.887	-12.439	-18.626	-38.014
282	285	-8.642	-14.336	-40.458	-9.529	-19.614	-40.27
282	286	-8.642	-14.336	-40.458	-12.439	-18.626	-38.014
282	287	-8.642	-14.336	-40.458	-14.989	-19.968	-40.492
283	286	-12.252	-14.75	-41.638	-12.439	-18.626	-38.014
283	287	-12.252	-14.75	-41.638	-14.989	-19.968	-40.492
283	288	-12.252	-14.75	-41.638	-13.794	-23.485	-39.735
284	287	-11.403	-18.116	-43.217	-14.989	-19.968	-40.492
284	288	-11.403	-18.116	-43.217	-13.794	-23.485	-39.735
285	288	-9.529	-19.614	-40.27	-13.794	-23.485	-39.735
